0.135957 -0.000542703 -4.29774e-06 1.95158e-10 3.04746e-10 0.14711 0.000860456 -2.4942e-06 -1.65265e-08 1.76704e-10 0.101543 1.46637e-05 -5.70299e-06 -2.44018e-09 1.99131e-10 
0.139758 -0.000802014 -3.45441e-06 2.46227e-08 2.06317e-10 0.144657 0.000636547 -6.81404e-06 -3.35283e-09 4.96865e-10 0.0974572 -1.6422e-05 -5.56359e-06 3.58544e-09 2.44948e-10 
0.130582 -0.000696531 8.23981e-08 1.44327e-08 3.6107e-11 0.130149 0.000713343 -1.17606e-06 -1.20518e-08 1.00169e-10 0.0986888 2.35846e-05 -5.76894e-06 1.3423e-09 2.51696e-10 
0.138256 -0.000789421 -1.67299e-06 1.9621e-08 3.9853e-11 0.131129 0.000711721 -4.86148e-07 -2.01588e-08 -4.3539e-11 0.10268 -2.57668e-07 -5.87906e-06 -1.54271e-09 2.08783e-10 
0.139639 -0.000753784 -3.87158e-06 1.15416e-08 3.21241e-10 0.135461 0.000876552 1.19934e-06 -2.46961e-08 -1.61968e-10 0.10221 -4.71076e-05 -6.24586e-06 7.68263e-09 2.96298e-10 
0.136768 -0.000657656 -3.76487e-06 3.34375e-09 3.30723e-10 0.128258 0.000658226 -2.83259e-07 -1.51635e-09 4.89724e-11 0.1002 4.28301e-06 -5.27584e-06 -7.08573e-10 2.08553e-10 
0.138911 -0.000811992 -2.87788e-06 2.19101e-08 1.17035e-10 0.145971 0.000600607 -4.88487e-06 1.12891e-08 3.74476e-10 0.103945 -6.14469e-05 -6.87298e-06 5.52672e-09 2.93334e-10 
0.139339 -0.000621128 -5.96225e-06 2.37601e-09 4.90222e-10 0.142715 0.000814251 -1.15162e-06 -1.32694e-08 4.42248e-11 0.101783 -2.39194e-05 -6.14321e-06 1.90347e-09 2.50502e-10 
0.128028 -0.000842122 3.11002e-07 3.04266e-08 -7.77509e-11 0.148893 0.00088904 -4.36859e-06 -2.9629e-08 2.52199e-10 0.105057 7.48915e-05 -8.07202e-06 -8.50134e-09 4.26836e-10 
0.145288 -0.000785335 -2.88972e-06 1.63852e-08 1.03378e-10 0.136926 0.000882965 -9.76265e-07 -2.70338e-08 3.87535e-11 0.106144 6.162e-05 -7.60273e-06 -9.05445e-09 3.51782e-10 
0.136459 -0.000894684 -3.14107e-06 3.1643e-08 1.78688e-10 0.139273 0.00081266 -4.77398e-06 -3.18196e-08 2.81017e-10 0.0997842 -1.87884e-05 -6.62929e-06 9.21867e-11 3.05737e-10 
0.149467 -0.000735098 -5.51837e-06 9.01487e-09 4.06415e-10 0.150783 0.000655224 -8.0589e-06 -5.67279e-09 6.0672e-10 0.114046 5.02513e-06 -8.94352e-06 -2.02762e-09 4.3741e-10 
0.13502 -0.000817252 -9.73903e-07 2.70104e-08 -4.85634e-11 0.137991 0.000726254 -3.12746e-06 -1.80013e-08 1.42804e-10 0.100879 -1.16739e-05 -7.09189e-06 1.68324e-09 3.47416e-10 
0.139311 -0.000749176 -9.22052e-07 2.5053e-08 -1.10358e-10 0.137908 0.000908186 -9.32751e-08 -2.38039e-08 -2.65932e-11 0.0990407 3.60813e-06 -5.33654e-06 1.31345e-09 1.82191e-10 
0.135133 -0.000846505 -6.77278e-07 3.25722e-08 -4.31273e-11 0.134673 0.000794097 -5.87703e-07 -1.74726e-08 3.97971e-11 0.0982685 -7.33263e-06 -4.67394e-06 8.83345e-10 1.34871e-10 
0.138741 -0.000736706 -2.98278e-06 2.29679e-08 1.82667e-10 0.150996 0.000704948 -6.70638e-06 -1.0757e-08 4.90892e-10 0.109507 -2.48803e-05 -8.87652e-06 5.06615e-09 4.87259e-10 
0.136234 -0.000709478 -2.42443e-06 1.77274e-08 1.40274e-10 0.140459 0.00081318 -8.99463e-07 -3.0603e-08 -7.83755e-11 0.101036 -0.000110691 -5.9807e-06 1.10466e-08 3.06667e-10 
0.132083 -0.000646983 -2.63866e-06 8.30573e-09 1.86861e-10 0.13195 0.000782121 -1.96697e-06 -2.7475e-08 6.14951e-11 0.0988886 -3.90488e-05 -6.78923e-06 6.92889e-09 3.56927e-10 
0.143129 -0.000653464 -4.51621e-06 4.65377e-09 3.75274e-10 0.141338 0.00037934 -4.62124e-06 1.91371e-08 3.5747e-10 0.112482 -2.55061e-05 -7.44065e-06 3.3593e-09 3.13095e-10 
0.132454 -0.000878369 2.01993e-07 2.76259e-08 -4.44998e-11 0.14069 0.000554385 -5.72016e-06 6.9735e-09 4.38569e-10 0.0979646 -3.20333e-05 -6.53236e-06 3.21536e-09 3.17046e-10 
0.136559 -0.000592823 -3.16722e-06 -1.80485e-09 2.91885e-10 0.12976 0.000789357 -9.81722e-07 -1.24376e-08 1.21977e-10 0.0992061 4.18787e-05 -5.40893e-06 -2.06834e-09 2.2492e-10 
0.160855 -0.0006945 -5.13813e-06 -6.04992e-09 4.46414e-10 0.143649 0.00109816 -1.06674e-06 -4.6135e-08 -1.19054e-11 0.11163 8.77651e-05 -8.78319e-06 -8.50831e-10 5.08658e-10 
0.143743 -0.000868611 -3.38781e-07 1.9216e-08 -4.55085e-11 0.151123 0.000698402 -7.92966e-06 -1.66437e-08 6.37765e-10 0.111979 6.96589e-05 -9.78154e-06 -9.78865e-09 5.5809e-10 
0.129095 -0.000711101 -5.8835e-07 2.2809e-08 -1.25337e-11 0.130695 0.000852826 9.17767e-08 -3.96427e-08 -9.61573e-11 0.0971453 5.14628e-05 -6.33386e-06 -5.19361e-09 3.53815e-10 
0.150057 -0.000664593 -7.38717e-06 3.17237e-09 5.00045e-10 0.136812 0.000771466 -1.85252e-06 -8.74667e-09 1.50222e-10 0.107718 7.91635e-05 -7.00081e-06 -7.70297e-09 2.66343e-10 
0.137172 -0.000707297 -2.891e-06 2.22804e-08 1.12839e-10 0.129123 0.00072164 -3.51005e-07 -1.81653e-08 -2.58852e-11 0.0967389 2.97747e-05 -4.73158e-06 -4.05761e-09 1.70816e-10 
0.13371 -0.000705861 -2.85666e-06 1.24226e-08 1.754e-10 0.129914 0.000659844 -1.37484e-06 -1.40366e-08 1.03936e-11 0.10116 -5.07556e-05 -6.64883e-06 3.05566e-09 2.76012e-10 
0.144302 -0.000648627 -5.4875e-06 1.60937e-08 2.52625e-10 0.139479 0.000808115 -4.71888e-07 -3.29789e-08 -2.12069e-10 0.101375 2.46795e-06 -4.78935e-06 -1.08584e-09 8.1305e-11 
0.144288 -0.000851377 -2.48041e-06 2.81145e-08 9.20524e-11 0.149535 0.000907849 -4.42177e-06 -3.19237e-08 1.8172e-10 0.108246 -4.80399e-05 -8.19459e-06 7.99451e-09 3.88063e-10 
0.138263 -0.000877557 -9.25686e-08 2.24863e-08 -1.26828e-11 0.145173 0.00083136 -3.51509e-06 -2.72167e-08 1.85014e-10 0.109886 -6.10466e-05 -9.51907e-06 6.56665e-09 5.00128e-10 
0.147009 -0.000852758 -5.09591e-06 2.09603e-08 3.75319e-10 0.137717 0.00100922 7.26957e-07 -4.3911e-08 -1.64382e-10 0.106422 3.26018e-05 -8.0254e-06 -3.62204e-09 3.86553e-10 
0.151063 -0.000736946 -8.60988e-06 3.62789e-09 7.30288e-10 0.135257 0.000520208 -5.70867e-06 7.84366e-09 5.10618e-10 0.107314 3.83832e-05 -9.42602e-06 -4.82972e-09 5.52957e-10 
0.135903 -0.000819821 -4.69937e-07 1.5356e-08 1.0214e-10 0.146701 0.000778773 -2.42387e-06 -1.11376e-08 1.02236e-10 0.103535 2.83779e-05 -5.6404e-06 8.79594e-10 1.98544e-10 
0.128198 -0.000683264 -4.07161e-07 1.83398e-08 -7.33301e-12 0.143571 0.000723275 -3.61542e-06 -1.62349e-08 1.40878e-10 0.100259 2.07093e-05 -5.36053e-06 3.4392e-09 1.78072e-10 
0.137767 -0.000910384 -5.36565e-10 3.2949e-08 -1.09469e-10 0.14039 0.00076629 -2.79308e-06 -2.36792e-08 1.0797e-10 0.0963256 -6.69346e-05 -3.34184e-06 5.86662e-09 6.59503e-11 
0.136079 -0.000506716 -3.60938e-06 -6.98743e-09 3.23031e-10 0.139133 0.000449279 -4.76008e-06 1.88612e-08 4.03256e-10 0.101208 3.80626e-05 -5.9881e-06 -3.33457e-09 2.94393e-10 
0.142562 -0.000897987 -2.85914e-06 2.97597e-08 1.30798e-10 0.14475 0.000919807 -2.74815e-06 -2.52801e-08 1.62388e-10 0.107271 4.1683e-05 -8.91585e-06 -4.17625e-09 4.6858e-10 
0.142524 -0.000820644 -3.75274e-06 2.80627e-08 2.21e-10 0.140597 0.00065927 -6.25791e-06 2.69495e-09 5.70842e-10 0.106221 5.20025e-05 -8.85963e-06 -2.97131e-09 5.11391e-10 
0.143162 -0.000745686 -1.96954e-06 4.67015e-09 1.22793e-10 0.133713 0.000599414 -3.5694e-07 8.85028e-09 8.65596e-11 0.103947 -9.69696e-06 -5.68126e-06 -8.46863e-10 1.67416e-10 
0.133249 -0.000768406 -5.84208e-07 1.66499e-08 -1.90012e-11 0.14357 0.000762952 -4.38939e-06 -1.33659e-08 3.09062e-10 0.107877 1.00977e-05 -7.84356e-06 -1.36742e-09 3.44976e-10 
0.140884 -0.000724149 -3.74167e-06 1.49606e-08 2.50981e-10 0.136751 0.000825121 -2.68339e-06 -3.22631e-08 9.92913e-11 0.100899 2.48595e-05 -7.14776e-06 -3.12453e-09 3.63426e-10 
0.14363 -0.000732357 -4.50488e-06 2.19555e-08 2.29887e-10 0.141493 0.00057568 -5.39801e-06 2.7613e-10 3.3853e-10 0.0990176 0.000105903 -6.76761e-06 -1.15775e-08 3.34016e-10 
0.129342 -0.000907807 -1.00594e-06 4.75382e-08 -3.9762e-11 0.133869 0.000614092 -4.26835e-06 -1.24754e-08 2.8443e-10 0.097722 -3.50249e-05 -4.98544e-06 4.33312e-09 1.6567e-10 
0.142365 -0.000730715 -4.7243e-06 2.07369e-08 2.04777e-10 0.15001 0.000731876 -6.8378e-06 -1.31056e-08 4.79134e-10 0.101199 3.42126e-05 -5.75265e-06 -7.08157e-09 2.14639e-10 
0.133026 -0.00064445 3.24985e-07 1.19869e-08 -7.61785e-11 0.138521 0.000944617 -1.74493e-06 -4.43864e-08 -5.05234e-11 0.106913 -8.69501e-06 -8.09724e-06 5.6227e-09 3.90017e-10 
0.139101 -0.00074902 -2.1426e-06 1.95281e-08 5.90473e-11 0.136887 0.000801419 1.79847e-07 -1.71893e-08 -7.49333e-11 0.103876 1.82454e-05 -5.51669e-06 -1.45229e-09 1.56414e-10 
0.141979 -0.000595516 -5.82484e-06 -3.94718e-09 4.24368e-10 0.13847 0.000720894 -3.72089e-06 -8.7263e-09 3.76774e-10 0.100007 2.63792e-05 -4.67225e-06 -8.68639e-09 1.2591e-10 
0.144366 -0.00060568 -4.51826e-06 7.5114e-09 2.4674e-10 0.136691 0.000547148 -3.78076e-06 5.57324e-09 3.10997e-10 0.103586 1.84976e-06 -6.5264e-06 -4.05946e-12 2.88087e-10 
0.136868 -0.000811488 -1.47956e-07 2.66557e-08 -1.27468e-10 0.145755 0.000657432 -6.87703e-06 -4.84974e-09 4.76653e-10 0.0992819 3.91932e-05 -6.27804e-06 -4.48443e-09 2.73156e-10 
0.140366 -0.000634067 -4.3324e-06 -5.65892e-09 4.18258e-10 0.139404 0.000821688 1.34164e-07 -1.66968e-08 -8.73498e-11 0.105099 -1.5674e-05 -6.58717e-06 3.07984e-09 2.51206e-10 
0.143198 -0.000703133 -3.54055e-06 1.23322e-08 1.75342e-10 0.128401 0.000951671 3.37273e-06 -3.98059e-08 -3.9917e-10 0.0968952 2.81229e-05 -3.21492e-06 -1.46937e-09 1.51696e-11 
0.134584 -0.000803241 -2.32486e-06 1.95461e-08 1.7874e-10 0.140177 0.000643896 -4.51364e-06 -1.57867e-08 2.51907e-10 0.100684 5.53717e-06 -5.87619e-06 -2.41895e-09 2.53177e-10 
0.140016 -0.000645327 -3.873e-06 4.21541e-09 2.76242e-10 0.139906 0.00100047 -1.24074e-06 -3.5666e-08 4.46457e-11 0.101161 5.53715e-05 -6.25951e-06 -7.57452e-09 2.69415e-10 
0.136179 -0.000836246 -7.9855e-09 2.92482e-08 -6.87858e-11 0.132053 0.000546414 -4.0162e-06 3.9849e-09 3.24298e-10 0.102743 -2.07779e-05 -6.10209e-06 6.21377e-09 2.81272e-10 
0.132184 -0.000759415 -9.23445e-07 1.67061e-08 2.66475e-12 0.137947 0.000752412 -3.20946e-06 -2.5215e-08 1.19384e-10 0.100479 7.76657e-05 -6.95278e-06 -8.57226e-09 3.27901e-10 
0.137838 -0.000670096 -2.63953e-06 1.99955e-09 2.27858e-10 0.136025 0.000524084 -3.66458e-06 8.83356e-09 2.854e-10 0.100772 -4.52792e-05 -5.98831e-06 6.48587e-09 2.39434e-10 
0.138523 -0.000611574 -5.02521e-06 -6.21916e-09 4.83686e-10 0.14007 0.000921078 2.53258e-07 -3.09429e-08 -1.29592e-10 0.0971393 -7.09527e-05 -4.74939e-06 7.82444e-09 1.84644e-10 
0.146225 -0.000571436 -6.9262e-06 -8.41278e-09 5.9643e-10 0.144936 0.000710933 -4.04566e-06 9.00621e-10 3.48716e-10 0.106302 2.95697e-05 -7.20761e-06 -4.89283e-10 3.1811e-10 
0.141456 -0.000723743 -4.4374e-06 1.25499e-08 2.96226e-10 0.14283 0.000647186 -4.25243e-06 -7.30723e-09 2.41724e-10 0.104304 -9.27503e-05 -6.08651e-06 1.04824e-08 1.86681e-10 
0.144794 -0.000741619 -4.28549e-06 1.39629e-08 3.05943e-10 0.130657 0.000754133 -1.19574e-06 -2.2324e-08 3.58643e-11 0.104964 -2.17781e-05 -6.94198e-06 3.57632e-09 3.15195e-10 
0.135514 -0.000743506 -1.59038e-06 2.98241e-08 -4.55954e-11 0.130509 0.000729019 -1.00864e-07 -1.94614e-08 -2.45174e-11 0.0973195 5.16202e-05 -3.62181e-06 -6.18231e-09 7.21376e-11 
0.14237 -0.000647136 -4.64072e-06 3.95907e-09 2.57328e-10 0.13608 0.000606387 -4.57735e-06 -8.87872e-09 3.36359e-10 0.096871 5.94963e-05 -5.15919e-06 -9.69806e-09 1.77185e-10 
0.143727 -0.000771254 -3.52474e-06 9.46572e-09 2.73632e-10 0.139918 0.000745576 -1.8006e-06 -1.0319e-08 1.31378e-10 0.104477 -4.89674e-05 -6.632e-06 1.63501e-09 2.97275e-10 
0.128588 -0.000736987 9.5167e-07 1.0465e-08 -3.99787e-11 0.143279 0.000650783 -5.48645e-06 -1.18491e-08 3.37104e-10 0.0944391 -3.9559e-05 -3.42188e-06 4.91906e-09 6.10124e-11 
0.139348 -0.000676099 -4.19478e-06 3.9914e-09 3.40907e-10 0.138411 0.000758286 -2.869e-06 -2.17378e-08 1.35219e-10 0.0986155 6.1698e-05 -6.18101e-06 -1.02e-08 2.94813e-10 
0.137002 -0.000800279 -2.42651e-06 2.32637e-08 1.67808e-10 0.142683 0.000470882 -7.95528e-06 5.92006e-09 6.03649e-10 0.101864 -5.62228e-05 -6.97214e-06 5.14915e-09 3.64824e-10 
0.145484 -0.000742614 -4.11705e-06 1.4489e-08 2.23953e-10 0.145419 0.000674851 -3.83505e-06 -6.33771e-09 2.47617e-10 0.101388 3.16097e-05 -5.97588e-06 -7.28446e-09 2.47502e-10 
0.128773 -0.000674977 6.50764e-07 1.49626e-08 -1.1794e-10 0.134576 0.000924693 1.02494e-06 -3.86567e-08 -1.64857e-10 0.0977345 -3.22266e-05 -5.86484e-06 2.24369e-09 2.93179e-10 
0.139726 -0.000666854 -3.3045e-06 1.8828e-08 1.29873e-10 0.138586 0.000817326 -2.73038e-06 -2.21038e-08 1.98926e-10 0.102867 5.72003e-05 -6.29892e-06 -4.97324e-09 3.04828e-10 
0.141142 -0.000632454 -3.64821e-06 -4.48452e-09 3.32981e-10 0.147115 0.000724185 -3.79866e-06 8.40223e-10 2.7577e-10 0.100378 -5.32094e-05 -4.28345e-06 7.95434e-09 9.97623e-11 
0.145432 -0.000745559 -3.16818e-06 2.44841e-08 5.49527e-11 0.14451 0.000492863 -8.1393e-06 2.10396e-08 7.5156e-10 0.101058 6.88001e-05 -4.17975e-06 -8.37733e-09 7.86779e-11 
0.128408 -0.000575028 -1.10476e-06 4.62851e-09 5.16275e-11 0.141445 0.00067408 -2.35688e-06 -1.13217e-09 1.58614e-10 0.0972491 -1.43525e-05 -4.14668e-06 2.02941e-09 1.18333e-10 
0.142281 -0.000704253 -2.22337e-06 1.62384e-08 6.45395e-11 0.14491 0.000739152 -4.33538e-06 -1.05775e-08 2.99815e-10 0.108518 1.57237e-05 -7.20187e-06 -2.48013e-10 2.93199e-10 
0.131709 -0.000733711 -1.22852e-06 2.06621e-08 1.69242e-11 0.133817 0.000627678 -3.76247e-06 -8.44758e-09 2.60718e-10 0.100687 8.77694e-05 -6.73537e-06 -8.01608e-09 3.15267e-10 
0.145088 -0.000620517 -4.26706e-06 -1.72816e-08 4.08201e-10 0.150342 0.000878238 -3.97265e-06 -2.74481e-08 1.56377e-10 0.100706 6.82677e-05 -3.866e-06 -7.50833e-09 2.71224e-11 
0.14541 -0.000666263 -7.76085e-06 1.14249e-09 6.82811e-10 0.132895 0.000724923 -9.11762e-07 -1.32564e-08 4.01125e-11 0.106286 2.09175e-05 -8.64179e-06 -1.15386e-09 4.76587e-10 
0.13923 -0.000969202 3.85956e-07 3.91425e-08 -1.44438e-10 0.13689 0.000931923 1.77632e-06 -4.56511e-08 -3.63701e-10 0.102038 -0.000115353 -6.53547e-06 1.23147e-08 3.0602e-10 
0.148674 -0.000860996 -3.97868e-06 1.59004e-08 3.92733e-10 0.148828 0.000612818 -5.90887e-06 3.15651e-09 3.72063e-10 0.109083 -1.67547e-05 -7.62245e-06 6.37135e-09 3.74346e-10 
0.141255 -0.000622363 -5.15936e-06 3.21753e-10 4.2469e-10 0.138159 0.000711063 -3.57968e-06 -4.46354e-09 3.48955e-10 0.101106 3.41593e-05 -6.498e-06 -1.63421e-09 3.3011e-10 
0.141193 -0.000698996 -3.9592e-06 1.21424e-08 2.31484e-10 0.141165 0.000757707 -1.68034e-06 -1.4469e-08 6.14856e-11 0.105869 -7.63902e-05 -7.74108e-06 8.98794e-09 3.74074e-10 
0.135424 -0.000646619 -2.86787e-06 1.4703e-09 2.79776e-10 0.134372 0.000767685 -3.05532e-06 -2.42646e-08 1.69952e-10 0.0982759 7.68571e-06 -4.88807e-06 8.74646e-11 1.74434e-10 
0.129651 -0.000588117 -1.76033e-06 -2.48195e-10 1.64464e-10 0.130346 0.000693504 1.91e-06 -1.69937e-08 -2.56756e-10 0.0986059 -7.80487e-05 -4.79885e-06 8.60302e-09 1.52794e-10 
0.133557 -0.000733102 -1.5592e-06 6.369e-09 1.52476e-10 0.136912 0.000842581 5.66861e-07 -2.25955e-08 -1.54474e-10 0.0994546 -3.55413e-05 -4.03809e-06 5.73312e-09 4.68917e-11 
0.139211 -0.000791833 -1.33211e-06 1.43656e-08 7.68817e-11 0.139939 0.000898388 -1.40127e-07 -2.88476e-08 -7.73708e-11 0.0992687 3.31228e-05 -5.16668e-06 -3.7528e-09 1.9411e-10 
0.143045 -0.000694893 -5.12497e-06 3.77675e-09 4.02501e-10 0.142134 0.000529801 -5.93505e-06 4.1585e-09 4.74366e-10 0.1053 -1.57236e-05 -7.94625e-06 -7.01982e-10 4.13273e-10 
0.139188 -0.000756461 -3.7647e-06 2.19813e-08 1.97232e-10 0.133901 0.00075176 -3.9795e-07 -2.93978e-08 -1.2e-10 0.0975891 -6.57826e-05 -5.18471e-06 4.76603e-09 2.10922e-10 
0.132241 -0.000971552 1.68071e-06 4.76614e-08 -3.64124e-10 0.141827 0.000599401 -4.8403e-06 -7.72675e-09 2.77262e-10 0.100582 -1.63943e-05 -4.77097e-06 -2.94636e-09 1.09878e-10 
0.144814 -0.000623797 -6.95104e-06 -1.94433e-09 6.10242e-10 0.137166 0.000933292 -1.83618e-06 -3.57347e-08 6.40088e-11 0.107133 2.07465e-05 -8.51056e-06 1.07444e-09 4.71425e-10 
0.134862 -0.000835188 -1.86287e-06 2.78886e-08 1.0283e-10 0.136545 0.00067324 -2.27322e-06 -1.68233e-08 7.45915e-11 0.101455 -1.7959e-06 -7.89168e-06 -4.38929e-10 4.28139e-10 
0.131401 -0.000742741 -3.20245e-06 2.69209e-08 1.37372e-10 0.125041 0.00072572 -5.29236e-07 -2.44708e-08 -4.5626e-11 0.0969444 -4.7581e-08 -6.20084e-06 -6.97146e-10 2.92324e-10 
0.13381 -0.00080345 -1.50648e-06 1.96375e-08 1.17699e-10 0.124663 0.00076692 1.831e-06 -1.87306e-08 -1.43844e-10 0.0950082 -8.9968e-06 -4.83345e-06 3.18864e-09 1.88086e-10 
0.134596 -0.000722997 -2.69525e-06 1.34022e-08 2.5429e-10 0.136239 0.000832663 1.55697e-06 -2.05125e-08 -2.27134e-10 0.101639 -6.44592e-05 -6.43006e-06 7.81789e-09 2.7973e-10 
0.130636 -0.000792159 -6.23718e-07 2.99964e-08 -5.01154e-11 0.128067 0.000610213 -3.41095e-07 5.495e-09 2.53458e-11 0.101068 8.58168e-06 -7.19535e-06 3.88664e-09 3.39063e-10 
0.142281 -0.000619471 -7.47677e-06 6.32478e-09 6.16528e-10 0.132575 0.00053483 -3.59282e-06 -3.6218e-09 2.90115e-10 0.101544 -1.35912e-06 -7.9558e-06 -2.23855e-09 4.65275e-10 
0.129662 -0.000872781 -5.15991e-07 3.45533e-08 -3.79099e-11 0.127618 0.000844285 3.90649e-06 -3.60626e-08 -4.69356e-10 0.0949451 -0.00010634 -4.11548e-06 1.06164e-08 1.05409e-10 
0.131885 -0.000522308 -3.43724e-06 -6.74388e-09 3.11878e-10 0.130261 0.000823567 -2.67907e-08 -3.3632e-08 -1.24207e-10 0.0970707 -1.48048e-05 -4.2433e-06 1.47576e-09 1.20441e-10 
0.127886 -0.000841644 1.41231e-06 3.34606e-08 -2.08977e-10 0.127494 0.000725427 -1.37172e-06 -1.6421e-08 1.2247e-10 0.09386 6.98038e-05 -4.70007e-06 -6.60446e-09 2.15623e-10 
0.132172 -0.000930073 1.99821e-06 3.54335e-08 -2.34389e-10 0.140817 0.000798942 -2.2881e-07 -1.35091e-08 -4.19706e-11 0.105726 -7.84014e-05 -6.47161e-06 1.02768e-08 2.56322e-10 
0.121841 -0.000678156 1.67731e-06 1.22651e-08 -1.44372e-10 0.129316 0.000687481 -6.77883e-08 -1.05099e-08 -3.78515e-11 0.0923203 -5.43119e-05 -3.54051e-06 5.65655e-09 6.74832e-11 
0.133106 -0.000693668 -3.87748e-06 2.51465e-08 2.11046e-10 0.124292 0.000580878 2.11103e-06 -9.03888e-09 -3.11406e-10 0.0901058 8.65478e-06 -3.75944e-06 2.02551e-09 1.2637e-10 
0.133126 -0.000851665 8.20021e-07 1.88715e-08 -6.35873e-11 0.13873 0.000744652 -3.00671e-06 -1.69541e-08 1.96969e-10 0.100769 -1.75557e-06 -6.04049e-06 -3.4975e-09 2.57982e-10 
0.130076 -0.000615305 -3.17267e-07 -1.45343e-09 1.55475e-12 0.138725 0.000718992 -4.06796e-06 -2.15282e-08 2.37811e-10 0.0979836 1.5053e-05 -5.32317e-06 -1.70428e-09 2.04602e-10 
0.128878 -0.0007151 1.0363e-06 1.76097e-08 -1.8512e-10 0.13882 0.000626311 -4.40853e-06 -1.20041e-08 2.36557e-10 0.0965412 -8.36093e-06 -4.89835e-06 3.93578e-10 1.50794e-10 
0.131639 -0.000752846 -8.67921e-07 2.87187e-08 -4.2134e-11 0.129477 0.000700421 -1.1425e-07 -1.97583e-08 -9.53369e-11 0.0958388 3.58781e-05 -4.84317e-06 -2.09766e-10 2.18937e-10 
0.131856 -0.00104778 2.13582e-06 4.64854e-08 -2.3817e-10 0.130379 0.000700985 -2.43286e-06 -1.53304e-08 2.7261e-10 0.0985489 -7.17006e-05 -4.86256e-06 3.7639e-09 1.80271e-10 
0.135862 -0.000750517 -2.83014e-06 2.64899e-08 1.39081e-10 0.131853 0.000674704 -3.39402e-06 -8.45219e-09 2.88495e-10 0.0955354 -9.87592e-07 -5.72542e-06 5.55338e-09 2.65497e-10 
0.146597 -0.000745642 -3.71609e-06 1.71029e-08 1.95673e-10 0.157755 0.000772603 -7.74351e-06 -1.56089e-08 5.79571e-10 0.110074 -4.52991e-05 -8.91349e-06 1.6689e-09 4.90566e-10 
0.140404 -0.000792644 -1.12106e-06 1.70006e-08 7.32408e-12 0.130619 0.000676332 -1.4286e-06 -2.52054e-08 -3.8324e-11 0.100435 -3.67115e-05 -4.54236e-06 2.9553e-09 1.14389e-10 
0.128424 -0.000735255 1.27654e-06 2.1439e-08 -2.13504e-10 0.144455 0.000618436 -6.79857e-06 -2.09928e-08 3.42076e-10 0.104265 -1.73575e-05 -8.55179e-06 1.87081e-09 4.51556e-10 
0.128461 -0.000572005 -3.61832e-07 5.39179e-09 8.28348e-12 0.12647 0.000728181 1.49986e-06 -1.68702e-08 -1.96421e-10 0.0964216 -4.7137e-05 -4.73643e-06 7.03742e-09 1.62784e-10 
0.12976 -0.000867014 1.36487e-06 2.0038e-08 -7.06796e-11 0.138482 0.00102921 -3.68386e-07 -4.79591e-08 -8.45833e-11 0.0971058 -5.1244e-07 -4.97964e-06 -2.03105e-09 2.05721e-10 
0.141348 -0.000707455 -4.372e-06 1.25816e-08 2.65738e-10 0.126587 0.000676219 -2.16555e-06 -1.45165e-08 2.0099e-10 0.0932453 -7.91626e-06 -5.31885e-06 -3.11693e-10 2.59787e-10 
0.13099 -0.000678979 -2.01471e-06 6.58983e-09 1.81466e-10 0.1397 0.000912015 -1.3129e-06 -3.19578e-08 -3.35887e-11 0.0960702 7.76567e-05 -5.44347e-06 -2.75558e-09 2.3502e-10 
0.139768 -0.000659347 -4.72079e-06 9.0335e-09 3.49536e-10 0.131843 0.000712937 -2.61042e-06 -2.42549e-08 7.77723e-11 0.0980991 1.23435e-05 -5.02694e-06 -1.60443e-09 1.80809e-10 
0.139535 -0.000805345 -2.07804e-06 2.13843e-08 6.09525e-11 0.126779 0.000579863 -1.55944e-06 -6.60207e-09 6.79321e-11 0.100553 2.08853e-06 -5.93401e-06 -2.59636e-11 2.29905e-10 
0.134532 -0.000568729 -6.23367e-06 -1.16412e-09 5.48817e-10 0.136643 0.000804433 8.53887e-08 -1.78698e-08 -7.51608e-11 0.103582 -0.000143692 -7.10321e-06 1.40763e-08 3.13549e-10 
0.136125 -0.00109061 3.54123e-07 6.07159e-08 -1.86062e-10 0.116791 0.000105127 -5.90563e-06 4.85424e-08 7.19955e-10 0.0973377 -6.28197e-05 -4.62732e-06 6.82837e-09 1.64413e-10 
0.13042 -0.000616749 -1.04816e-07 9.48449e-09 -6.84286e-11 0.130707 0.000565908 -2.98625e-06 -9.91096e-11 2.4237e-10 0.0999238 6.70585e-05 -5.78764e-06 -6.30885e-09 2.45434e-10 
0.136579 -0.000936548 6.7532e-07 3.06574e-08 -6.26982e-11 0.136392 0.0007869 -2.0041e-06 -1.92192e-08 1.23745e-10 0.0935086 -0.000120128 -4.38883e-06 1.49552e-08 1.69072e-10 
0.131808 -0.000729902 -9.76105e-07 1.68968e-08 5.11245e-11 0.140653 0.000731262 -4.11039e-06 -1.03368e-08 3.80879e-10 0.0960007 5.09465e-06 -5.18116e-06 -5.15423e-09 2.61061e-10 
0.135579 -0.000952265 4.80831e-07 3.29439e-08 -3.82302e-11 0.132374 0.000849264 5.76386e-07 -2.56169e-08 -9.12231e-11 0.0968665 -2.18398e-06 -5.47499e-06 1.18489e-09 2.55222e-10 
0.134159 -0.000629507 8.65954e-07 -9.66162e-09 -2.25175e-11 0.136332 0.000710032 -1.96422e-06 -1.21051e-08 1.72965e-10 0.0924489 -2.53105e-05 -1.40087e-06 -1.89923e-09 -9.12051e-11 
0.14646 -0.000893997 -3.92739e-06 4.01314e-08 1.20835e-10 0.136916 0.000809467 -8.83087e-07 -1.39563e-08 8.70726e-11 0.103312 -7.7635e-05 -7.63472e-06 1.02639e-08 4.10776e-10 
0.133801 -0.000665517 -1.38459e-06 8.88255e-09 1.54305e-10 0.139845 0.000708972 -1.92656e-06 -1.95429e-08 1.60027e-11 0.103886 4.51578e-06 -5.62399e-06 2.87211e-10 1.96042e-10 
0.125645 -0.000792286 2.30992e-06 7.15363e-09 -1.12804e-10 0.132069 0.000667833 -1.65706e-06 -1.31739e-08 7.31692e-11 0.0941857 -7.35841e-05 -3.95984e-06 5.03302e-09 1.17852e-10 
0.124261 -0.000743647 -3.72693e-07 1.69496e-08 9.3564e-11 0.130109 0.00080647 6.78358e-07 -3.04304e-08 -1.80325e-10 0.0993647 -9.63237e-06 -5.62563e-06 3.36971e-09 2.21117e-10 
0.12608 -0.000646082 -2.93023e-07 1.09599e-08 -1.71149e-11 0.12798 0.000570894 -2.42457e-06 -1.11133e-08 9.34874e-11 0.0936545 -4.35121e-05 -4.00237e-06 4.2444e-09 1.19667e-10 
0.144106 -0.000562739 -7.63683e-06 1.17608e-09 5.62523e-10 0.133169 0.000826868 9.13681e-07 -2.8359e-08 -1.55978e-10 0.100267 1.67721e-05 -6.83513e-06 -2.21272e-09 3.67056e-10 
0.135065 -0.000686855 -5.54378e-06 1.09532e-08 4.62498e-10 0.124967 0.000593238 7.04485e-07 -1.0893e-08 -8.20303e-11 0.0968329 -0.000147094 -3.76094e-06 1.5218e-08 1.06049e-10 
0.135307 -0.00081388 -5.28528e-07 1.99452e-08 4.12937e-11 0.130396 0.000779897 -4.32641e-07 -2.60453e-08 -1.4437e-11 0.0978974 -8.9807e-05 -5.16827e-06 6.70067e-09 2.21294e-10 
0.135747 -0.000828668 -2.6219e-06 3.33252e-08 2.94903e-11 0.131076 0.000555267 -6.67917e-06 -1.08749e-08 5.19302e-10 0.0999438 1.91048e-05 -7.13033e-06 -5.54214e-09 3.41529e-10 
0.133861 -0.000754058 -9.91221e-07 2.40896e-08 -1.95557e-11 0.132638 0.000805965 6.28774e-07 -2.60141e-08 -9.80102e-11 0.09518 4.7362e-05 -4.03326e-06 -2.4233e-09 1.37877e-10 
0.134148 -0.000645317 -1.17636e-06 1.91526e-08 -7.872e-12 0.121278 0.000699626 2.09885e-06 -2.36796e-08 -2.68388e-10 0.0981504 6.49596e-05 -5.56766e-06 -3.83761e-09 2.51249e-10 
0.132357 -0.000790804 2.63631e-06 1.72245e-08 -2.66923e-10 0.130028 0.000676619 -7.91624e-07 -1.41106e-08 -1.10021e-11 0.0977496 -4.17512e-05 -4.1833e-06 6.59225e-09 9.21133e-11 
0.135459 -0.000890124 -1.98629e-06 3.65853e-08 7.57936e-11 0.123402 0.000793301 3.41066e-06 -2.30852e-08 -3.37396e-10 0.0989317 -2.14389e-05 -6.2615e-06 3.67928e-09 3.03339e-10 
0.133814 -0.000755438 2.03464e-06 2.91904e-08 -3.55497e-10 0.138854 0.000735108 -2.7862e-06 -1.14449e-08 2.07318e-10 0.0992378 8.40114e-05 -4.51127e-06 -9.28563e-09 1.14419e-10 
0.131972 -0.000804602 -7.15073e-07 2.26116e-08 3.47566e-11 0.127419 0.000755748 -3.15418e-07 -1.93036e-08 -1.5976e-11 0.0974301 -6.44959e-05 -6.03966e-06 7.2286e-09 2.71186e-10 
0.128634 -0.000656927 1.49381e-06 1.2485e-08 -2.23335e-10 0.1344 0.000546442 -1.60769e-06 1.43927e-09 9.16558e-11 0.093248 -1.34718e-05 -2.07875e-06 -1.58853e-09 -4.17876e-11 
0.134454 -0.000505852 -3.84483e-06 -8.73816e-09 2.96242e-10 0.122274 0.000555444 -6.49473e-07 -4.7279e-09 3.76774e-11 0.100154 -2.42979e-05 -5.87581e-06 2.68955e-09 2.15981e-10 
0.137947 -0.000762607 -2.65143e-06 2.16008e-08 1.28227e-10 0.136343 0.000596461 -4.83394e-06 -3.56416e-09 4.06598e-10 0.101191 -8.36348e-06 -7.02789e-06 -5.65756e-10 3.34339e-10 
0.138049 -0.000900546 1.32708e-06 3.66986e-08 -1.9779e-10 0.13554 0.000775794 5.78809e-07 -3.04995e-08 -2.53331e-10 0.102052 8.29629e-05 -4.86856e-06 -8.1782e-09 1.36168e-10 
0 0 0 0 0 0.136789 0.000807248 -1.52872e-06 -2.43736e-08 7.59103e-11 0 0 0 0 0 
0.129736 -0.000842388 1.50492e-06 3.12855e-08 -2.00115e-10 0.123978 0.0006199 3.23969e-06 -7.73947e-09 -3.50398e-10 0.0945171 -6.96806e-06 -4.001e-06 2.90159e-09 1.05809e-10 
0.132039 -0.000780372 -3.78363e-07 2.9495e-08 -1.07061e-10 0.139356 0.00065379 -4.57164e-06 -1.04218e-08 3.51765e-10 0.100775 -3.48801e-06 -6.06303e-06 -1.74591e-09 2.52077e-10 
0.122133 -0.000678138 1.5714e-06 1.13509e-08 -1.68203e-10 0.13312 0.000812714 -2.68876e-06 -4.23804e-08 3.0339e-11 0.0952919 9.96599e-05 -5.68897e-06 -1.34984e-08 2.47409e-10 
0.136855 -0.000482509 -5.59295e-06 2.32123e-09 3.48216e-10 0.133679 0.000851686 -2.5765e-06 -3.42242e-08 1.60922e-10 0.101488 4.84563e-05 -7.04892e-06 -5.24634e-09 3.36783e-10 
0.131702 -0.000538219 -1.75861e-06 -7.82456e-09 1.84793e-10 0.141114 0.000722447 -3.02942e-06 -1.09856e-08 2.16813e-10 0.0974015 -6.23949e-05 -3.97978e-06 5.16046e-09 8.79168e-11 
0.133121 -0.000647848 -2.50195e-06 -1.37862e-10 2.22822e-10 0.140023 0.00115091 3.70396e-06 -5.66853e-08 -4.79652e-10 0.102515 -6.86187e-05 -6.80298e-06 7.08903e-09 2.84241e-10 
0.134274 -0.000905937 7.32351e-07 3.26411e-08 -1.63378e-10 0.132769 0.000688937 -2.92313e-06 -2.14607e-08 1.40151e-10 0.0991187 -2.7242e-05 -4.9079e-06 1.35203e-09 1.59838e-10 
0.139771 -0.000738489 -3.8162e-06 2.39905e-08 2.43423e-10 0.129189 0.000800899 2.09985e-06 -2.51131e-08 -2.20206e-10 0.0979961 -8.72754e-06 -4.49967e-06 2.34877e-09 1.69269e-10 
0.134253 -0.000683301 -2.80554e-06 5.52131e-09 2.42711e-10 0.130345 0.000524562 -2.17435e-06 -7.86344e-10 1.82426e-10 0.0915914 -3.49428e-05 -4.1901e-06 -6.32734e-12 1.71991e-10 
0.132266 -0.000898373 2.69502e-06 3.53475e-08 -2.8552e-10 0.142264 0.000850418 -1.53294e-06 -2.15417e-08 1.26611e-10 0.0994316 -2.67836e-05 -5.30774e-06 9.88238e-10 2.60648e-10 
0.136855 -0.000784497 -5.81234e-07 1.97817e-08 -2.60331e-12 0.13233 0.000770373 -1.46051e-06 -1.40822e-08 1.39331e-10 0.0943688 1.17955e-05 -4.30305e-06 -3.48375e-10 1.43177e-10 
0.130782 -0.000536561 -4.64299e-06 -1.12855e-08 4.4915e-10 0.138027 0.000784498 -9.84302e-07 -1.83909e-08 -2.76076e-11 0.102312 -3.84298e-05 -7.17015e-06 5.34931e-09 3.20556e-10 
0.131357 -0.000732646 -1.26536e-07 2.07422e-08 -5.66776e-11 0.144311 0.000636881 -4.26284e-06 3.03933e-09 3.22996e-10 0.100041 -8.05073e-05 -4.64563e-06 8.23444e-09 1.33367e-10 
0.134031 -0.000738069 -2.52473e-06 2.06801e-08 1.15676e-10 0.134719 0.000547813 -3.50072e-06 -1.13951e-09 2.33294e-10 0.0983318 1.27927e-05 -5.9285e-06 -4.05344e-09 2.85603e-10 
0.123893 -0.000813269 -6.97164e-07 3.07508e-08 3.06941e-12 0.135192 0.000737799 -2.45194e-06 -2.07931e-08 1.27062e-10 0.095279 -3.32735e-05 -5.85977e-06 3.44199e-09 2.8243e-10 
0.135297 -0.00065656 -3.44219e-06 8.92579e-09 2.56307e-10 0.134628 0.000990995 1.07779e-06 -4.11579e-08 -2.06127e-10 0.0993609 0.000124393 -4.58262e-06 -1.15419e-08 1.35289e-10 
0.134213 -0.000666587 -1.39528e-06 1.86631e-08 -4.11083e-11 0.121311 0.000576564 1.61023e-07 -1.83371e-09 1.07241e-11 0.0936311 5.59704e-06 -3.74865e-06 -5.53077e-10 1.07715e-10 
0.128403 -0.000763955 1.82319e-07 1.64074e-08 -1.93113e-11 0.142719 0.00054492 -7.12703e-06 3.28455e-09 5.63331e-10 0.0997686 -5.96044e-05 -6.58739e-06 5.82392e-09 3.15607e-10 
0.136311 -0.000591022 -3.44338e-06 6.29394e-09 2.46019e-10 0.139576 0.000720257 -4.75534e-06 -2.34458e-08 2.27313e-10 0.106474 2.01688e-06 -8.53553e-06 2.8642e-09 4.46779e-10 
0.139529 -0.000634298 -4.90551e-06 1.5784e-08 2.5903e-10 0.134791 0.000739724 -2.33185e-06 -2.01547e-08 7.00012e-11 0.100664 -0.000102529 -5.75216e-06 1.17093e-08 2.12542e-10 
0.141484 -0.00102468 -1.23341e-06 4.61685e-08 -4.44525e-11 0.127974 0.000552456 -2.29095e-06 -1.04672e-08 1.26355e-10 0.0974468 7.71175e-06 -4.75802e-06 -3.06733e-09 1.7309e-10 
0.129154 -0.00067951 -5.8782e-07 1.19573e-08 -9.29035e-12 0.127091 0.000536988 -1.35445e-06 3.54807e-09 1.38491e-10 0.0974951 -5.95374e-05 -4.69513e-06 2.83856e-09 1.66417e-10 
0.136191 -0.000766329 -9.64108e-07 2.54495e-08 -6.41693e-11 0.14321 0.000844625 -2.70651e-06 -2.85652e-08 1.10252e-10 0.099335 4.79838e-05 -5.58535e-06 -8.26549e-09 2.54699e-10 
0.137546 -0.000712541 -1.61221e-06 7.14121e-09 1.86332e-10 0.141707 0.000960351 -7.14793e-07 -3.32859e-08 -2.81356e-11 0.102544 0.000168122 -6.57257e-06 -1.34188e-08 3.16992e-10 
0.135991 -0.000646608 -1.25404e-06 1.33198e-09 7.27345e-11 0.139189 0.0007288 -3.91068e-06 -1.93051e-08 2.28835e-10 0.0986117 2.43198e-05 -4.6199e-06 -2.05066e-09 1.37297e-10 
0.126355 -0.000769446 -1.58598e-07 2.47913e-08 -2.48423e-11 0.128579 0.00047568 -2.61819e-06 1.34678e-08 2.26305e-10 0.0948872 -6.10129e-05 -4.71278e-06 7.72012e-09 1.80368e-10 
0.141158 -0.000728295 -3.2789e-06 9.39675e-09 1.89941e-10 0.140907 0.000912569 -4.18955e-06 -3.06886e-08 3.0066e-10 0.103013 0.00012161 -8.04481e-06 -1.34932e-08 4.04083e-10 
0.129776 -0.00073848 2.63706e-07 1.95108e-08 -8.05367e-11 0.14038 0.00076259 -4.7304e-06 -2.22994e-08 3.42208e-10 0.0999782 4.11338e-05 -6.16256e-06 -7.24316e-09 3.0166e-10 
0.141511 -0.000591041 -6.35813e-06 -4.01456e-10 4.78672e-10 0.135635 0.000767131 -2.52546e-06 -2.41429e-08 1.28946e-10 0.100161 1.92439e-05 -6.52054e-06 -2.3211e-09 3.14777e-10 
0.128397 -0.000768772 6.84585e-07 2.80696e-08 -1.83599e-10 0.138963 0.000664797 -3.906e-06 -1.7901e-08 1.96845e-10 0.102439 -5.27565e-05 -7.28986e-06 4.99789e-09 3.47944e-10 
0.139087 -0.000875222 -3.12878e-06 3.64208e-08 1.55515e-10 0.13031 0.000833046 1.40321e-06 -4.44668e-08 -3.59081e-10 0.0960876 -3.87618e-05 -5.91125e-06 5.01031e-09 3.09076e-10 
0.128785 -0.000716879 -2.1556e-06 2.29715e-08 1.59394e-10 0.123811 0.000774386 2.02328e-06 -3.40529e-08 -2.75387e-10 0.0950225 4.71466e-05 -6.0254e-06 -5.57195e-09 3.40754e-10 
0.132173 -0.000709174 -3.21443e-06 6.21353e-09 3.00845e-10 0.134756 0.000713432 1.03768e-06 -1.18456e-08 -1.56433e-10 0.103478 -3.66897e-06 -7.64505e-06 -6.56579e-10 3.57394e-10 
0.135315 -0.000629825 -2.60633e-06 3.50562e-09 1.88685e-10 0.130498 0.000698153 5.73157e-07 -1.21816e-08 -1.04813e-10 0.101969 -4.62882e-05 -7.65252e-06 3.97857e-09 3.94005e-10 
