1.53026e-01 -8.23059e-04 -1.44333e-06 1.66219e-08 1.00000e+01  0.0  0.0  0.0  0.0  0.0  0.0  0.0
1.52451e-01 8.06089e-04 -1.35661e-06 -1.46183e-08 1.00000e+01  0.0  0.0  0.0  0.0  0.0  0.0  0.0
1.61613e-01 -7.29097e-04 -1.06959e-06 1.00000e+01 0.0          0.0  0.0  0.0  0.0  0.0  0.0  0.0
1.60614e-01 7.26409e-04 -9.77586e-07  1.00000e+01 0.0          0.0  0.0  0.0  0.0  0.0  0.0  0.0
1.13532e-01 -5.31130e-07 -4.75950e-06 -2.64896e-10 1.00000e+01 0.0  0.0  0.0  0.0  0.0  0.0  0.0
1.17387e-01 -2.23227e-06 -4.66132e-06 1.41142e-10 1.00000e+01  0.0  0.0  0.0  0.0  0.0  0.0  0.0
9.09878e-02 -6.74363e-06 -4.44942e-06 5.12501e-10 1.82861e-10  0.0  0.0  0.0  0.0  0.0  0.0  0.0
9.85950e-02 2.89296e-03 -3.23713e-05 1.00000e+01  0.0          0.0  0.0  0.0  0.0  0.0  0.0  0.0

1.52157e-01 -8.48528e-04 -2.36230e-06 2.48680e-08 1.00000e+01  0.0  0.0  0.0  0.0  0.0  0.0  0.0
1.50128e-01 8.06526e-04 -1.84081e-06 -1.85026e-08 1.00000e+01  0.0  0.0  0.0  0.0  0.0  0.0  0.0
1.55219e-01 -6.88758e-04 -1.33685e-06 1.00000e+01 0.0          0.0  0.0  0.0  0.0  0.0  0.0  0.0
1.55701e-01 7.14267e-04 -1.12801e-06  1.00000e+01 0.0          0.0  0.0  0.0  0.0  0.0  0.0  0.0
1.07450e-01 2.19913e-05 -4.24359e-06 -4.63651e-09 0.0          0.0  0.0  0.0  0.0  0.0  0.0  0.0
1.10761e-01 -2.65539e-05 -4.01128e-06 3.32269e-09 0.0          0.0  0.0  0.0  0.0  0.0  0.0  0.0
7.96678e-02 -7.59732e-06 -2.85341e-06 9.17514e-10 1.02288e-10  0.0  0.0  0.0  0.0  0.0  0.0  0.0
9.85950e-02 2.89296e-03 -3.23713e-05 1.00000e+01  0.0          0.0  0.0  0.0  0.0  0.0  0.0  0.0


1.15902e-01 -5.29243e-04 5.94264e-07 2.37196e-08 -1.93247e-10 -1.06154e-12 1.53929e-14  0.0         0.0           0.0  0.0  0.0
1.19249e-01 4.71112e-04 -3.05459e-06 -3.12266e-10 5.19384e-10 -9.36336e-13 -2.20358e-14 0.0         0.0           0.0  0.0  0.0
1.19558e-01 -5.68365e-04 -1.83600e-06 1.39631e-08 2.27292e-10  0.0         0.0          0.0         0.0           0.0  0.0  0.0
1.21688e-01 5.19328e-04 -2.82030e-06 -8.79982e-09 3.59302e-10  0.0         0.0          0.0         0.0           0.0  0.0  0.0
9.03209e-02 -4.56507e-05 -4.09962e-06 2.54524e-08 3.54543e-10 -3.32812e-12 1.11608e-15  1.37939e-16 -6.53956e-19  0.0  0.0  0.0
9.17764e-02 3.57020e-05 -4.11771e-06 -1.59817e-08 5.00756e-10 8.95055e-13 5.72750e-15   2.97793e-17 -6.53956e-19  0.0  0.0  0.0
7.31042e-02 2.05159e-05 -9.24429e-07 -1.03573e-09 -1.83745e-10 -1.49368e-12 7.34211e-14 1.44528e-16 -3.24446e-18  0.0  0.0  0.0
3.01528e+00 -7.54253e-02 4.95757e-04 1.00000e+01  0.0          0.0         0.0          0.0         0.0           0.0  0.0  0.0

1.42055e-01 -4.83711e-04 1.06113e-06 -5.22735e-08 -7.49467e-11 4.07373e-12 -2.41993e-15  0.0        0.0           0.0  0.0  0.0
1.41335e-01 6.12779e-04 -5.17499e-07 1.60863e-08 5.39201e-10 -2.10228e-12 -4.47263e-14   0.0        0.0           0.0  0.0  0.0
1.73310e-01 -1.04199e-03 5.32996e-06 8.87216e-08 2.28681e-10  0.0         0.0            0.0        0.0           0.0  0.0  0.0
1.75994e-01 1.03342e-03 5.19272e-06 -8.15305e-08 2.96400e-10  0.0         0.0            0.0        0.0           0.0  0.0  0.0
1.12747e-01 2.34315e-04 -2.48385e-06 -9.98180e-08 5.60667e-10 1.14772e-11 -1.67035e-13 -3.98751e-16 1.10920e-17   0.0  0.0  0.0
1.43146e-01 1.52732e-04 -8.97619e-06 -1.23155e-07 3.59730e-09 2.89853e-11 -3.38691e-13 -1.75275e-15 1.48261e-17   0.0  0.0  0.0
1.09457e-01 9.39016e-05 3.92653e-06-1.19176e-08 -2.42650e-09 -4.18393e-12 5.09052e-13 4.54744e-16   -2.62712e-17  0.0  0.0  0.0
2.64849e+00 -4.90887e-02 2.30964e-04 1.00000e+01  0.0          0.0        0.0            0.0        0.0           0.0  0.0  0.0
