0.5415 0.251452 0.172928 0.178454 0.167274 0.194971 0.0987412 0.210303 0.183515 0.179381 0.127976 0.203929 0.15891 0.193167 0.160845 0.156878 0.149961 0.19238 0.160579 0.133519 
0.174312 0.158671 0.12123 0.161305 0.169738 0.14256 0.131698 0.109815 0.158204 0.130688 0.140276 0.103843 0.130871 0.126458 0.121024 0.141349 0.125404 0.159172 0.12241 0.141296 
0.147159 0.151412 0.128022 0.101511 0.138227 0.14789 0.130264 0.13082 0.121932 0.115158 0.126152 0.139673 0.132726 0.130718 0.116761 0.135876 0.143086 0.137547 0.135912 0.119682 
0.114928 0.113678 0.113048 0.116097 0.110241 0.11883 0.10859 0.1211 0.123752 0.120929 0.124976 0.116356 0.120072 0.118159 0.125215 0.129037 0.133701 0.130446 0.13733 0.121371 
0.112153 0.107075 0.112704 0.113129 0.107153 0.105286 0.109378 0.107124 0.113678 0.114578 0.108023 0.118189 0.124561 0.113704 0.105537 0.103694 0.119202 0.119123 0.124017 0.120764 
0.116923 0.101151 0.100852 0.0973806 0.0962988 0.103206 0.0996773 0.104237 0.10416 0.100167 0.111878 0.100218 0.102313 0.114146 0.117257 0.112068 0.106352 0.0990841 0.115338 0.11373 
0.10243 0.0921512 0.100282 0.0963205 0.0961356 0.0830356 0.0940865 0.090084 0.0978157 0.0870633 0.0944209 0.0954641 0.0927435 0.100496 0.0932176 0.09818 0.0918123 0.101286 0.100563 0.0846279 
0.105082 0.089821 0.0968743 0.105417 0.0976146 0.104456 0.0876923 0.0851363 0.0881644 0.0869405 0.0936787 0.0872335 0.0891499 0.0821456 0.0800821 0.0916241 0.0979074 0.0852081 0.0810714 0.075153 
0.136765 0.122099 0.10753 0.111256 0.0949791 0.14414 0.169212 0.111254 0.0903368 0.0890494 0.0872807 0.0779108 0.0920153 0.0844881 0.0836279 0.0790949 0.0772272 0.0841213 0.0903762 0.0815901 
0.187621 0.0936543 0.121921 0.136508 0.127908 0.125658 0.20411 0.301011 0.192852 0.185606 0.134301 0.113424 0.080185 0.0977165 0.0964818 0.0790025 0.0719546 0.0783354 0.0862837 0.0770636 

0.5415 0.251452 0.172928 0.178454 0.167274 0.194971 0.0987412 0.210303 0.183515 0.179381 0.127976 0.203929 0.15891 0.193167 0.160845 0.156878 0.149961 0.19238 0.160579 0.133519 
0.174312 0.158671 0.12123 0.161305 0.169738 0.14256 0.131698 0.109815 0.158204 0.130688 0.140276 0.103843 0.130871 0.126458 0.121024 0.141349 0.125404 0.159172 0.12241 0.141296 
0.147159 0.151412 0.128022 0.101511 0.138227 0.14789 0.130264 0.13082 0.121932 0.115158 0.126152 0.139673 0.132726 0.130718 0.116761 0.135876 0.143086 0.137547 0.135912 0.119682 
0.114928 0.113678 0.113048 0.116097 0.110241 0.11883 0.10859 0.1211 0.123752 0.120929 0.124976 0.116356 0.120072 0.118159 0.125215 0.129037 0.133701 0.130446 0.13733 0.121371 
0.112153 0.107075 0.112704 0.113129 0.107153 0.105286 0.109378 0.107124 0.113678 0.114578 0.108023 0.118189 0.124561 0.113704 0.105537 0.103694 0.119202 0.119123 0.124017 0.120764 
0.116923 0.101151 0.100852 0.0973806 0.0962988 0.103206 0.0996773 0.104237 0.10416 0.100167 0.111878 0.100218 0.102313 0.114146 0.117257 0.112068 0.106352 0.0990841 0.115338 0.11373 
0.10243 0.0921512 0.100282 0.0963205 0.0961356 0.0830356 0.0940865 0.090084 0.0978157 0.0870633 0.0944209 0.0954641 0.0927435 0.100496 0.0932176 0.09818 0.0918123 0.101286 0.100563 0.0846279 
0.105082 0.089821 0.0968743 0.105417 0.0976146 0.104456 0.0876923 0.0851363 0.0881644 0.0869405 0.0936787 0.0872335 0.0891499 0.0821456 0.0800821 0.0916241 0.0979074 0.0852081 0.0810714 0.075153 
0.136765 0.122099 0.10753 0.111256 0.0949791 0.14414 0.169212 0.111254 0.0903368 0.0890494 0.0872807 0.0779108 0.0920153 0.0844881 0.0836279 0.0790949 0.0772272 0.0841213 0.0903762 0.0815901 
0.187621 0.0936543 0.121921 0.136508 0.127908 0.125658 0.20411 0.301011 0.192852 0.185606 0.134301 0.113424 0.080185 0.0977165 0.0964818 0.0790025 0.0719546 0.0783354 0.0862837 0.0770636 

0.157588 0.335954 0.177034 0.191045 0.230939 0.143375 0.156485 0.164957 0.107506 0.177035 0.160695 0.155079 0.124345 0.290652 0.195853 0.326076 0.200872 0.153919 0.151622  0.151622
0.136742 0.157153 0.109287 0.146152 0.107188 0.229232 0.131474 0.160085 0.148272 0.140261 0.160353 0.145158 0.121561 0.158906 0.126133 0.141349 0.159978 0.211242 0.155507 0.146908 
0.125802 0.106684 0.111374 0.145971 0.155111 0.135839 0.143897 0.113174 0.149301 0.135367 0.12439 0.107673 0.141217 0.149373 0.141245 0.141441 0.154949 0.141986 0.122858 0.135627 
0.0937887 0.111334 0.10609 0.11134 0.123025 0.109661 0.129524 0.103751 0.128754 0.114391 0.115888 0.108363 0.11267 0.134746 0.126844 0.135779 0.138208 0.13327 0.126321 0.137175 
0.10943 0.114998 0.120893 0.108856 0.108261 0.114727 0.104616 0.11136 0.0980268 0.106417 0.108206 0.115724 0.115386 0.111607 0.111862 0.113472 0.107888 0.13143 0.130592 0.111603 
0.0956428 0.0922358 0.0996231 0.0997331 0.0947993 0.106798 0.112831 0.100659 0.0876415 0.107148 0.112102 0.0937463 0.0986903 0.121482 0.103681 0.110258 0.102908 0.117778 0.109049 0.115752 
0.0952708 0.0938405 0.0823608 0.0954038 0.0973933 0.0981668 0.0965257 0.0951909 0.0902988 0.111046 0.090191 0.109638 0.0985381 0.101041 0.0730751 0.0992548 0.0974166 0.0881512 0.0963542 0.0976866 
0.0790931 0.0928513 0.0857701 0.0846088 0.0916975 0.0980347 0.0926983 0.0728142 0.0917522 0.0818411 0.0802765 0.0903639 0.0802711 0.082695 0.0789893 0.0921668 0.0941761 0.096245 0.0821564 0.0783915 
0.0941306 0.0807967 0.0881457 0.1007 0.130053 0.172068 0.140072 0.0995819 0.109886 0.0718064 0.0994548 0.0799421 0.0860967 0.0745583 0.0796763 0.097423 0.0892423 0.0826435 0.0793361 0.0678726 
0.0595686 0.110254 0.0926993 0.105339 0.101359 0.148868 0.286179 0.283633 0.221886 0.139769 0.0914103 0.0554191 0.105566 0.0949129 0.0718627 0.0837505 0.0807651 0.0779254 0.070433 0.0855572 

0.128802 0.101241 0.102044 0.108348 0.182355 0.150847 0.284865 0.419196 0.164823 0.162109 0.0913304 0.124254 0.0902251 0.0792835 0.0585805 0.11774 0.0742126 0.0887359 0.0918327 0.149327 
0.0853847 0.0821217 0.0865305 0.089324 0.151804 0.143422 0.0954433 0.106812 0.0861315 0.0864946 0.0750188 0.078345 0.0546864 0.0896172 0.0801015 0.0736687 0.0864878 0.0780766 0.0949014 0.0965531 
0.0928026 0.10591 0.0861441 0.103848 0.0901796 0.0936038 0.086845 0.0766248 0.0912093 0.0886818 0.0925566 0.0930133 0.0961678 0.0849458 0.0834174 0.0977569 0.083897 0.0869052 0.0898554 0.0921663 
0.0886269 0.0913842 0.100603 0.0978321 0.0849006 0.0861435 0.101831 0.0794631 0.0961251 0.0894778 0.0850364 0.0922897 0.0975627 0.109964 0.0867198 0.0996139 0.0965419 0.0965343 0.0988178 0.0908207 
0.102261 0.101505 0.10409 0.0969095 0.0948396 0.100918 0.109486 0.0906958 0.0971192 0.0869872 0.11898 0.106913 0.105531 0.111185 0.107052 0.111929 0.100975 0.108057 0.113217 0.112281 
0.0900918 0.117226 0.108496 0.11008 0.119015 0.0999248 0.117923 0.111786 0.108316 0.108603 0.109954 0.105948 0.110167 0.117887 0.117521 0.128377 0.115956 0.12282 0.11088 0.138576 
0.102289 0.108852 0.122056 0.119848 0.12006 0.125374 0.134167 0.122177 0.122218 0.133887 0.13203 0.12322 0.10804 0.126072 0.117784 0.112122 0.147273 0.135451 0.115079 0.137819 
0.116882 0.11875 0.121544 0.145656 0.128207 0.125459 0.123875 0.159746 0.136199 0.117983 0.117919 0.124156 0.134957 0.154072 0.137315 0.141604 0.145083 0.13393 0.12312 0.136062 
0.137093 0.154456 0.148479 0.11358 0.114454 0.163228 0.179061 0.148495 0.156666 0.150712 0.107245 0.138642 0.143224 0.127647 0.133339 0.141277 0.198734 0.148192 0.144756 0.145611 
0.223043 0.19279 0.190154 0.12798 0.171056 0.188437 0.247158 0.291121 0.199945 0.217587 0.147676 0.178125 0.236324 0.259719 0.167193 0.15998 0.297571 0.28296 0.149225 0.427882 

0.145498 0.105353 0.0923761 0.105961 0.116825 0.145 0.217198 0.256337 0.204507 0.104122 0.147892 0.0913599 0.0992195 0.107248 0.0751587 0.0766201 0.0769467 0.0913033 0.0787023 0.0690378 
0.114931 0.0959963 0.0911707 0.104681 0.112491 0.0998686 0.154554 0.117141 0.0907606 0.0842442 0.075438 0.0688897 0.0752597 0.0899967 0.0738594 0.0678118 0.0826132 0.0802272 0.0810295 0.0719751 
0.101812 0.0995791 0.117108 0.0950093 0.09105 0.108898 0.0955094 0.0939752 0.0765696 0.0858316 0.0836794 0.0802408 0.088025 0.089977 0.0796575 0.0801548 0.082522 0.0773578 0.0748864 0.0828362 
0.0998444 0.0881032 0.0892372 0.0937765 0.0843581 0.0859181 0.0886541 0.0876323 0.0892255 0.0783631 0.0880431 0.0777847 0.0898567 0.0763414 0.0824349 0.0916913 0.08994 0.0891139 0.0819309 0.0899894 
0.0972436 0.0863619 0.0939492 0.0866762 0.092078 0.083729 0.0839178 0.0904526 0.0888758 0.0841296 0.085042 0.0906344 0.0807819 0.0835709 0.082008 0.0865846 0.0872925 0.0930062 0.0882097 0.0924988 
0.1036 0.0912718 0.0974704 0.0904626 0.0865947 0.0797449 0.0854323 0.0884075 0.090377 0.0843447 0.0945579 0.0810231 0.089499 0.0874102 0.0926756 0.0893191 0.0895852 0.0842955 0.085163 0.0927363 
0.110736 0.0917115 0.093986 0.089252 0.0891388 0.0774779 0.0899504 0.0844616 0.0849464 0.0837377 0.0865213 0.0863875 0.079686 0.0909214 0.0829255 0.0899246 0.0865035 0.0838864 0.0841941 0.0855889 
0.103197 0.084164 0.0929925 0.0976134 0.095714 0.0984998 0.0878258 0.0855408 0.0852755 0.0855368 0.0840041 0.080091 0.085117 0.0805192 0.0734383 0.08064 0.0890079 0.0794425 0.0763478 0.0676691 
0.118324 0.115035 0.0998058 0.0993179 0.100562 0.119817 0.160109 0.111876 0.0892064 0.0921176 0.0809564 0.0804071 0.0896737 0.0828551 0.0900315 0.0850196 0.0800352 0.0817909 0.0831364 0.0806506 
0.173038 0.0853823 0.132959 0.137681 0.176774 0.105114 0.20035 0.492485 0.220387 0.135961 0.13022 0.111405 0.0772915 0.0868792 0.0839867 0.0696208 0.0648247 0.0761174 0.0820059 0.0928793 

0.252758 0.228371 0.180319 0.134122 0.14226 0.108955 0.0894874 0.0925451 0.0929219 0.102239 0.0795595 0.107276 0.0744495 0.105761 0.0793378 0.100654 0.0999668 0.0837174 0.0668199 0.0698472 
0.0919364 0.0842718 0.091578 0.0928866 0.0593685 0.0814637 0.0658965 0.0766538 0.0774956 0.0844536 0.0811456 0.0763361 0.065261 0.087636 0.078822 0.0865362 0.0805301 0.0839202 0.0753384 0.079082 
0.0958412 0.0916597 0.0881161 0.083862 0.07938 0.0945878 0.0844323 0.0817104 0.0965685 0.093855 0.0876245 0.0781587 0.0806113 0.0838559 0.0794123 0.0734413 0.0772775 0.0794172 0.0784796 0.084469 
0.0978936 0.0889431 0.0808705 0.0744946 0.0815672 0.0885192 0.0797691 0.0808377 0.093022 0.0762401 0.07709 0.0844917 0.0884037 0.0963695 0.0997232 0.0852289 0.0900866 0.081028 0.0879505 0.0880609 
0.0875032 0.0878455 0.0891254 0.0821976 0.0766568 0.0922685 0.09057 0.0866242 0.0722236 0.0798259 0.0767259 0.0804039 0.0855424 0.0879638 0.0860604 0.095793 0.0903191 0.0865613 0.0937335 0.092313 
0.0893025 0.0900983 0.086325 0.0835855 0.0863031 0.0880042 0.0785948 0.0912266 0.0880489 0.0890583 0.0844729 0.0944533 0.0906904 0.0855343 0.0904362 0.0868406 0.0842557 0.0830978 0.0932565 0.0890423 
0.0790642 0.0839127 0.0793662 0.0825143 0.0881761 0.0862148 0.0878787 0.0810967 0.0787818 0.0898349 0.0856364 0.0804927 0.0839602 0.0821193 0.0817683 0.0883207 0.0779553 0.0840105 0.0874179 0.09145 
0.0752095 0.0855653 0.0783493 0.0893321 0.082541 0.0830204 0.0715805 0.0848959 0.0881027 0.0887241 0.0751016 0.0739865 0.0934237 0.0803318 0.0856084 0.0759928 0.083322 0.0741017 0.089443 0.0685417 
0.100033 0.0967279 0.103628 0.077717 0.0870924 0.0615547 0.0793339 0.0919838 0.0876261 0.0791269 0.0877453 0.0924992 0.0937627 0.0673461 0.45852 0.0863189 0.0810595 0.108018 0.083364 0.0759513 
0.247099 0.199601 0.384761 0.117035 0.127388 0.113622 0.104617 0.0998929 0.0673334 0.0945731 0.089825 0.0683196 0.0817121 0.0930497 0.0552658 0.0956905 0.0709108 0.0765827 0.0566164 0.0971164 

0.145498 0.105353 0.0923761 0.105961 0.116825 0.145 0.166718 0.067045 0.0976756 0.105829 0.083984 0.0737451 0.118653 0.0954327 0.124439 0.0755856 0.0723013 0.0616389 0.0797209 0.107416 
0.114931 0.0959963 0.0911707 0.104681 0.112491 0.226305 0.0995421 0.0906143 0.0720631 0.0823563 0.0911854 0.0879944 0.0836036 0.0854883 0.0622351 0.0654258 0.0651531 0.0576706 0.0716365 0.0796774 
0.101812 0.0995791 0.117108 0.0950093 0.373666 0.089592 0.084667 0.0754347 0.0789351 0.0785718 0.0670635 0.0699995 0.0753488 0.0750521 0.0670926 0.0785822 0.07328 0.0684138 0.0638698 0.069696 
0.0998444 0.0881032 0.0892372 0.0937765 0.0967911 0.0746081 0.0726173 0.0745497 0.0765189 0.0724414 0.0679398 0.0752327 0.0713361 0.0638085 0.0696447 0.0796908 0.0748062 0.0684099 0.0692728 0.0631863 
0.0972436 0.0863619 0.0939492 0.113367 0.0849704 0.0665829 0.0784431 0.0785106 0.0779053 0.0733515 0.0683926 0.0702465 0.0737186 0.0679684 0.0709691 0.0766567 0.0710825 0.0733495 0.0712979 0.0778726 
0.1036 0.0912718 0.0974704 0.210733 0.0779043 0.0774426 0.0722404 0.0763549 0.0769247 0.071904 0.0789823 0.0692396 0.0659838 0.0718229 0.0764931 0.0786051 0.0780641 0.0727028 0.0737661 0.0790125 
0.110736 0.0917115 0.093986 0.089252 0.0910069 0.0745769 0.0745539 0.07216 0.0746132 0.0735904 0.0768596 0.076944 0.069275 0.0702137 0.0762026 0.0693893 0.0677029 0.0717028 0.0714216 0.0651021 
0.103197 0.084164 0.0929925 0.0976134 0.152876 0.0780279 0.076477 0.062901 0.077496 0.0718557 0.0758635 0.0778531 0.0820287 0.0701945 0.0694622 0.0694004 0.0723825 0.0672737 0.0771466 0.0674188 
0.118324 0.115035 0.0998058 0.0993179 0.100562 0.489898 0.0793407 0.0692053 0.0664626 0.0745512 0.0795593 0.103003 0.0909509 0.0703719 0.0852273 0.0722015 0.0658822 0.0785533 0.071114 0.0764484 
0.173038 0.0853823 0.132959 0.137681 0.176774 0.105114 0.0333437 0.112789 0.0838455 0.110669 0.0962168 0.107672 0.110514 0.109645 0.0901694 0.0799694 0.0798281 0.0692593 0.0865617 0.0765425 

0.285194 0.254536 0.204176 0.380244 0.288747 0.34604 0.518093 0.294191 0.240949 0.271935 0.299794 0.21234 0.203289 0.204448 0.300373 0.261318 0.147263 0.178445 0.25537 0.254724 
0.240935 0.341455 0.350157 0.283139 0.383342 0.532081 0.255974 0.224052 0.190771 0.26571 0.223682 0.207234 0.204425 0.212041 0.205607 0.195565 0.188375 0.215608 0.185967 0.215903 
0.257669 0.314918 0.291357 0.334233 0.28499 0.300807 0.279786 0.203053 0.215744 0.182737 0.170528 0.174201 0.210585 0.207333 0.182761 0.21043 0.174057 0.152806 0.168039 0.170046 
0.264838 0.25875 0.281449 0.315374 0.323668 0.232199 0.220007 0.169563 0.189612 0.173492 0.161812 0.148992 0.199468 0.170426 0.173046 0.135584 0.177759 0.160714 0.151321 0.157176 
0.241768 0.25539 0.277158 0.26491 0.209934 0.189394 0.17847 0.164366 0.166942 0.161245 0.16885 0.180595 0.1616 0.172036 0.155844 0.147487 0.161286 0.153582 0.150748 0.154184 
0.264499 0.255108 0.263006 0.27575 0.243956 0.183632 0.162483 0.181871 0.156126 0.178489 0.156907 0.150238 0.162699 0.134069 0.143627 0.150512 0.160178 0.131006 0.135957 0.137301 
0.210958 0.23727 0.271098 0.288764 0.267718 0.164436 0.223467 0.160191 0.149359 0.155109 0.130999 0.129974 0.13793 0.143536 0.137764 0.117271 0.132755 0.136594 0.116946 0.11834 
0.239484 0.239402 0.275544 0.298317 0.253419 0.312825 0.301374 0.152316 0.112346 0.103597 0.121174 0.125043 0.161226 0.0967609 0.134417 0.119262 0.131939 0.107312 0.11975 0.107024 
0.210335 0.33704 0.351139 0.194023 0.216143 0.21774 0.264074 0.260218 0.277419 0.248292 0.124366 0.114433 0.112663 0.108596 0.105078 0.0898795 0.0943162 0.0913141 0.242405 0.121647 
0.782664 0.670516 0.245507 0.182118 0.131142 0.111938 0.271092 0.27391 0.265524 0.172634 0.215479 0.246524 0.142676 0.119904 0.110221 0.228973 0.0966433 0.0827506 0.0760511 0.0864077 

0.347884 0.989418 0.189659 0.144464 0.223197 0.27532 0.402928 0.163986 0.301846 0.373635 0.188039 0.12678 0.12476 0.163087 0.087791 0.0648042 0.100136 0.0803714 0.098817 0.125984 
0.225463 0.143953 0.30761 0.226811 0.235352 0.265886 0.322556 0.221669 0.33498 0.143897 0.21242 0.106296 0.107593 0.200277 0.101055 0.125487 0.127721 0.0996024 0.118027 0.10241 
0.24241 0.284026 0.19293 0.256423 0.244239 0.287739 0.330089 0.247571 0.150461 0.123141 0.131174 0.14001 0.120769 0.131493 0.114999 0.0986159 0.14515 0.118504 0.100011 0.134008 
0.227661 0.225373 0.20619 0.263588 0.284102 0.252792 0.217073 0.135393 0.117492 0.120982 0.144757 0.134075 0.138377 0.119388 0.142646 0.120914 0.127188 0.127921 0.0954243 0.116723 
0.211748 0.226698 0.247587 0.265007 0.219268 0.194662 0.161083 0.153296 0.163836 0.157642 0.14435 0.165901 0.135454 0.132792 0.145051 0.146512 0.12894 0.13831 0.145513 0.137639 
0.268282 0.269643 0.261151 0.297003 0.224821 0.162558 0.17077 0.161429 0.170699 0.165326 0.174066 0.160985 0.17304 0.130125 0.145209 0.169171 0.143915 0.146718 0.152632 0.130667 
0.249693 0.273657 0.282249 0.338237 0.298901 0.191502 0.208895 0.177595 0.189152 0.183402 0.16007 0.177767 0.193748 0.177451 0.171424 0.165217 0.157431 0.167859 0.167915 0.144029 
0.221502 0.227549 0.288477 0.310278 0.35129 0.274587 0.224308 0.190918 0.23687 0.182651 0.167426 0.166881 0.255869 0.184173 0.190881 0.212363 0.16038 0.180302 0.167244 0.190593 
0.289777 0.224914 0.277878 0.28232 0.305395 0.464401 0.293485 0.260762 0.20972 0.247814 0.219092 0.176369 0.185594 0.195023 0.193696 0.217162 0.164289 0.189273 0.190254 0.18523 
0.447258 0.522822 0.230363 0.241729 1.19452 0.455194 0.52639 0.321221 0.201418 0.267254 0.228595 0.291594 0.176382 0.216303 0.190449 0.178107 0.208739 0.167904 0.191866 0.225348 

0.452527 0.520787 0.16042 0.667367 0.831441 0.690919 0.650325 0.4625 0.231709 0.659745 0.228018 0.320979 0.238515 0.340283 0.885672 0.255173 0.417426 0.780884 0.20671 0.20000 
0.520217 0.318631 0.404559 0.357843 0.492905 0.366891 0.318341 0.345842 0.43913 0.313573 0.260176 0.295066 0.237808 0.315512 0.897567 0.474786 0.272757 0.229304 0.544191 0.198576 
0.288056 0.345546 0.439188 0.272938 0.257128 0.30262 0.377805 0.1887 0.313574 0.2192 0.180997 0.219801 0.21633 0.247332 0.238626 0.226182 0.356276 0.169114 0.262599 0.231857 
0.364047 0.369513 0.145187 0.207327 0.195702 0.187382 0.221062 0.16122 0.229109 0.221322 0.203436 0.225503 0.230329 0.17633 0.153276 0.175799 0.230497 0.18523 0.199855 0.163728 
0.304516 0.22581 0.207336 0.206056 0.185955 0.192156 0.180444 0.227044 0.173214 0.154001 0.194494 0.217408 0.181816 0.152832 0.187731 0.198548 0.209595 0.168277 0.152296 0.148528 
0.315095 0.271815 0.204277 0.196603 0.170436 0.164085 0.122272 0.162815 0.171192 0.198195 0.154871 0.152969 0.178985 0.184889 0.156675 0.138713 0.170909 0.175209 0.121367 0.187941 
0.307439 0.304462 0.182912 0.298704 0.171219 0.169488 0.168197 0.160923 0.192777 0.176271 0.165166 0.139751 0.166612 0.116753 0.166869 0.147845 0.149406 0.134062 0.149584 0.127804 
0.193872 0.35048 0.355204 0.341983 0.277729 0.245425 0.136187 0.122674 0.190896 0.159899 0.136513 0.157307 0.197743 0.166711 0.129228 0.148886 0.146169 0.0952833 0.141652 0.118552 
0.265984 0.20123 0.275936 0.433165 0.380098 0.428401 0.310421 0.46026 0.324687 0.244141 0.222536 0.119646 0.167896 0.128215 0.0974264 0.0984808 0.230416 0.107622 0.322206 0.108302 
0.399302 0.585494 0.3474 0.259367 0.738912 0.257838 0.534056 0.58463 0.443598 0.281715 0.208257 0.446797 0.195437 0.173444 0.289307 0.133829 0.325713 0.111096 0.348103 0.495874 

0.759128 0.601279 0.366237 0.426527 0.290319 0.82851 0.412951 0.353473 0.28091 0.483347 0.264981 0.120603 0.116384 0.265734 0.469245 0.152765 0.352773 0.345575 0.167967 0.273398 
0.190293 0.146012 0.167004 0.160622 0.307594 0.316849 0.275748 0.241162 0.247036 0.433225 0.252926 0.172249 0.121392 0.144061 0.421931 0.228671 0.162597 0.124016 0.234776 0.109089 
0.265405 0.301391 0.356808 0.316156 0.217722 0.253195 0.247245 0.149127 0.216468 0.159847 0.158416 0.182929 0.16332 0.129388 0.117089 0.0984793 0.134742 0.113341 0.150134 0.179654 
0.274057 0.304141 0.209102 0.246276 0.188219 0.148449 0.169951 0.176564 0.187721 0.191939 0.125583 0.163296 0.154929 0.156847 0.143109 0.157708 0.156547 0.167976 0.131371 0.147721 
0.318561 0.225502 0.219564 0.187842 0.187512 0.174817 0.205495 0.158217 0.164988 0.172981 0.189074 0.164433 0.175505 0.17457 0.173811 0.177826 0.168039 0.159031 0.147586 0.158074 
0.272098 0.269621 0.209214 0.208823 0.1832 0.166857 0.227822 0.198026 0.205781 0.183018 0.221092 0.189317 0.210043 0.197684 0.192576 0.149231 0.216919 0.167983 0.181128 0.176203 
0.321196 0.298774 0.236016 0.207594 0.213874 0.238507 0.236974 0.20129 0.225022 0.219866 0.227077 0.235108 0.220279 0.146222 0.226263 0.171099 0.191421 0.207146 0.185081 0.181681 
0.381772 0.385088 0.454181 0.296884 0.223085 0.196529 0.329306 0.290759 0.245285 0.221199 0.217215 0.218851 0.229942 0.249527 0.208408 0.207566 0.203402 0.216908 0.220002 0.145134 
0.202526 0.552161 0.650062 0.460276 0.549427 0.753316 0.196218 0.259749 0.342559 0.304082 0.166709 0.38311 0.281643 0.335412 0.308848 0.236923 0.567612 0.377599 0.271224 0.333142 
0.365393 1.2235 0.797633 0.476796 0.631806 0.963432 0.902525 0.95283 0.756584 0.330924 0.272201 0.855918 0.648534 0.27553 0.655533 0.322944 0.8366 0.306136 0.759436 0.521362 

0.333249 0.661786 0.298957 0.147691 0.274033 0.191315 0.292809 0.336438 0.335427 0.287177 0.179666 0.122423 0.131511 0.179463 0.0826413 0.0790826 0.0806402 0.0890138 0.0922085 0.100177 
0.198281 0.228732 0.304104 0.227139 0.233255 0.307565 0.363732 0.246093 0.24716 0.181443 0.197674 0.141073 0.125127 0.0880878 0.116099 0.112244 0.0896688 0.112749 0.0828687 0.100025 
0.205515 0.244787 0.226161 0.250452 0.235016 0.282609 0.271952 0.183269 0.128175 0.118487 0.117851 0.139723 0.107248 0.127183 0.0993 0.0975862 0.087564 0.106245 0.104168 0.0913386 
0.217933 0.236332 0.224986 0.239747 0.264642 0.234404 0.208189 0.124933 0.116633 0.125537 0.128504 0.110226 0.150407 0.121488 0.114999 0.104088 0.12309 0.113416 0.0934061 0.103519 
0.22082 0.224488 0.250654 0.253181 0.236717 0.149598 0.135822 0.1585 0.140258 0.128502 0.128711 0.148864 0.132393 0.117074 0.116096 0.123869 0.10943 0.115404 0.113131 0.105818 
0.241618 0.246189 0.194283 0.254929 0.221498 0.161068 0.143736 0.146869 0.152939 0.135346 0.141004 0.135931 0.149447 0.103901 0.113195 0.123937 0.114355 0.110641 0.120804 0.103974 
0.216629 0.242459 0.240819 0.291196 0.272602 0.164741 0.201502 0.150364 0.135553 0.14103 0.123646 0.128775 0.144538 0.129451 0.109636 0.108964 0.112412 0.121247 0.112643 0.106634 
0.229185 0.237271 0.231631 0.254175 0.249868 0.298585 0.272059 0.150779 0.108471 0.133263 0.12058 0.125372 0.16862 0.090702 0.125416 0.140288 0.112291 0.0977365 0.113907 0.0877368 
0.203814 0.30698 0.303423 0.239171 0.213873 0.24842 0.256929 0.238575 0.288151 0.186878 0.170843 0.100572 0.106946 0.103833 0.116999 0.0937982 0.131253 0.0987299 0.1223 0.141661 
0.745482 0.595271 0.211536 0.206244 0.119443 0.175461 0.297568 0.331707 0.378506 0.215779 0.21034 0.232849 0.177441 0.111605 0.103799 0.163178 0.139456 0.0937611 0.0653703 0.0879792 

0.438317 0.30829 0.541317 0.292953 0.183793 0.164921 0.15713 0.215755 0.160012 0.20489 0.106355 0.0882035 0.385942 0.0960676 0.20127 0.111733 0.0945366 0.0781221 0.159677 0.107551 
0.276464 0.283016 0.260965 0.156893 0.296718 0.0967817 0.152413 0.107549 0.0895812 0.172453 0.131169 0.104891 0.087452 0.138125 0.101928 0.0807506 0.1039 0.085302 0.106784 0.0899608 
0.138027 0.0989184 0.13707 0.106265 0.114718 0.126102 0.13447 0.108709 0.103638 0.133735 0.0921938 0.0857769 0.0964486 0.0924732 0.0898011 0.106409 0.128999 0.114486 0.0785163 0.0980779 
0.108646 0.138187 0.103645 0.130026 0.141416 0.122775 0.101856 0.128236 0.170791 0.124608 0.115322 0.0983264 0.105177 0.124163 0.128501 0.107386 0.126042 0.102527 0.106264 0.101533 
0.143608 0.144948 0.135311 0.115419 0.134132 0.130007 0.145664 0.142125 0.116886 0.122618 0.111676 0.118968 0.115163 0.123509 0.106639 0.108038 0.119819 0.1073 0.110872 0.098748 
0.138483 0.15513 0.142238 0.138284 0.145115 0.136892 0.151225 0.159286 0.122866 0.10624 0.103654 0.122197 0.101219 0.121784 0.117938 0.118716 0.0908505 0.102001 0.108937 0.107533 
0.140089 0.146837 0.138065 0.128653 0.117476 0.12915 0.142507 0.141418 0.14981 0.134023 0.120949 0.0967898 0.109321 0.0995033 0.124074 0.127632 0.122496 0.113314 0.101309 0.116574 
0.271394 0.0980913 0.125667 0.109414 0.120762 0.108123 0.119401 0.179337 0.124729 0.0904376 0.0921917 0.144903 0.148719 0.117119 0.121936 0.107871 0.0958382 0.0909823 0.131357 0.090466 
0.272028 0.289591 0.346044 0.27358 0.224791 0.120096 0.107199 0.123587 0.115024 0.115845 0.108171 0.0981882 0.0839139 0.0981674 0.113738 1.15236 0.113277 0.131305 0.111136 0.136069 
0.471994 0.302693 0.293901 0.163905 0.233175 0.261595 0.103305 0.209636 0.17825 0.175435 0.0972558 0.215322 0.171327 0.129785 0.410002 0.0789822 0.0453617 0.382896 0.0887135 0.0686463 

0.333249 0.661786 0.298957 0.147691 0.274033 0.191315 0.167981 0.144647 0.123837 0.172648 0.153108 0.22387 0.147149 0.10618 0.190772 0.136953 0.11694 0.115552 0.428246 0.076919 
0.198281 0.228732 0.304104 0.227139 0.233255 0.402265 0.198653 0.216938 0.181646 0.182608 0.18446 0.134798 0.144977 0.149456 0.164546 0.129539 0.161758 0.121353 0.113311 0.107636 
0.205515 0.244787 0.226161 0.250452  0.250452 0.183445 0.216644 0.225796 0.208309 0.198445 0.144263 0.172434 0.146435 0.105601 0.126979 0.12268 0.134741 0.104 0.0942395 0.10681 
0.217933 0.236332 0.224986 0.254754 0.186118 0.21365 0.186841 0.200516 0.194106 0.143539 0.135342 0.127878 0.115254 0.128353 0.110276 0.111261 0.116069 0.111734 0.117516 0.102996 
0.22082 0.224488 0.250654 0.523475 0.189272 0.169582 0.197434 0.221473 0.180573 0.150629 0.14166 0.154051 0.132916 0.126982 0.126506 0.119017 0.108272 0.132317 0.0970337 0.102427 
0.241618 0.246189 0.194283 0.21196 0.174596 0.181358 0.191141 0.17967 0.184452 0.164973 0.145342 0.136371 0.149279 0.12504 0.107426 0.129739 0.100051 0.110914 0.110609 0.118381 
0.216629 0.242459 0.240819 0.134825 0.198031 0.181689 0.189686 0.174099 0.181788 0.174778 0.129082 0.147979 0.161898 0.144107 0.129942 0.110039 0.124646 0.105757 0.115324 0.109608 
0.229185 0.237271 0.231631 0.254175 0.454092 0.227133 0.192614 0.200871 0.19261 0.183997 0.175459 0.126911 0.139176 0.128455 0.132416 0.133026 0.12501 0.113548 0.112544 0.102485 
0.203814 0.30698 0.303423 0.239171 0.213873 0.621472 0.186559 0.2056 0.238452 0.189831 0.238065 0.181469 0.17486 0.107801 0.113057 0.136497 0.409779 0.100818 0.108649 0.144109 
0.745482 0.595271 0.211536 0.206244 0.119443 0.175461 3.42922 0.210334 0.222798 0.210064 0.168373 0.181378 0.192693 0.172113 0.129114 0.108989 0.135699 0.239714 0.286292 0.296265 
