27147,
27201,27202,27203,27204,27205,27206,27207,27208,27209,27210,
27211,27212,27213,27214,27215,27216,27218,27219,27220,
27221,27222,27223,27224,27225,27226,27227,27228,27229,27230,
27231,27232,27233,

28241,28242,28243,28244,28245,28246,28247,28248,28249,28250,
28251,28252,28253,28254,28255,28256,28257,28258,28259,28260,
28261,28262,28263,28264,28265,28266,
28312,28313,28315,28316,28318,28319,
28320,28323,28324,28325,28326,28327,28328,28329,28330,
28331,28332,28333,28334,28335,28336,28337,28338,28339,28340,
28341,28342,28343,28344,28345,28346,28347,
28351,28352,28353,28354,28355,28356,28357,28358,28359,28360,
28361,28362,28363,28364,28365,28366,28367,
28373,28374,28375,28376,28377,28378,28379,28380,
28381,28382,28383,28384,28385,28386,28387,28388,28389,28390,
28391,28392,28393,28394,28395,28396,28397,28398,28399,28400,
28401,28402,28403,28410,
28411,28412,28413,28414,28415,28416,28417,28418,28419,28420,
28422,28426,28427,28428,28429,28430,
28431,28432,28433,28434,28435,28436,28437,28438,28439,28440,
28446,28447,28448,28449,
28453,
28466,28467,28469,
28472,28473,28474,28475,28476,28477,28478,28479,28480,
28481,28482,28487,28488,28489,
28490,28491,28492,28493,28494,28495,28496,28497,28498,28499,28500,
28501,28504,28505,28506,28507,28508,28509,28510,
28511,28512,28513,
