0.194778 -0.000550359 -2.96534e-06 
0.0825408 0.00249555 -2.92095e-05 
0.553961 -0.0099387 7.11668e-05 
0.312337 -0.00469957 2.53805e-05 
0.196408 -0.000888135 -5.45001e-06 
1.76071 -0.0465667 0.000354443 
-0.567576 0.0219753 -0.000172445 
1.08806 -0.0244866 0.000170577 
-0.441227 0.0176889 -0.000137336 
-0.727601 0.0275544 -0.000216152 
0.00425857 0.00499825 -4.81127e-05 
0.811202 -0.0176944 0.00012696 
0.759274 -0.0186406 0.000138598 
0.325852 -0.00621491 4.68977e-05 
-0.310049 0.0139675 -0.000110217 
1.24176 -0.030687 0.000217267 
0.232663 -0.00192669 9.70243e-06 
0.603546 -0.0125456 8.72363e-05 
-0.393609 0.0165716 -0.000130345 
0.166825 -0.000343172 -5.91853e-06 
0.367661 -0.00682943 4.6145e-05 
0.958203 -0.024483 0.00019007 
0.262492 -0.00269841 1.71994e-05 
0.158637 0.0017396 -2.35662e-05 
-0.228892 0.0108352 -8.51078e-05 
1.59568 -0.0434278 0.000360266 
0.297328 -0.00215383 8.16793e-06 
-0.260822 0.0121857 -9.69286e-05 
-0.187876 0.0121344 -0.0001017 
0.644385 -0.0143668 9.93655e-05 
0.0383217 0.00322703 -2.53107e-05 
0.350873 -0.00314195 8.35998e-06 
0.0210732 0.00473082 -5.11162e-05 
0.461133 -0.00921928 6.95811e-05 
-0.271539 0.0125036 -9.95777e-05 
-1.30782 0.0466364 -0.000360182 
0.482473 -0.00977506 7.59335e-05 
-0.0186986 0.00488003 -3.81926e-05 
0.507066 -0.0105034 7.54366e-05 
0.0478761 0.00380537 -3.7138e-05 
0.289311 -0.0039937 2.27364e-05 
0.252805 -0.00263992 8.79058e-06 
0.365439 -0.00641236 4.00528e-05 
0.178248 -0.000476391 -1.22869e-06 
-0.31307 0.0140037 -0.000113134 
0.268077 -0.00327021 2.02498e-05 
0.0892798 0.00175298 -2.11705e-05 
0.49972 -0.00931841 5.82553e-05 
0.366763 -0.00613632 3.93094e-05 
-0.269425 0.0125973 -0.00010039 
0.666824 -0.0142799 9.49792e-05 
0.550638 -0.0112641 7.85467e-05 
-0.376375 0.0161464 -0.000126396 
-0.601548 0.0227957 -0.0001755 
-0.44357 0.0180216 -0.000140506 
-0.163268 0.0092471 -7.30685e-05 
0.609737 -0.0137153 9.9162e-05 
1.6695 -0.0435441 0.00031227 
-0.541566 0.0216593 -0.000167203 
0.24065 -0.0017867 7.30043e-06 
-0.0443633 0.00615118 -4.17864e-05 
-0.0724557 0.00723878 -5.5239e-05 
0.071735 0.00457776 -4.73853e-05 
0.238763 -0.00185195 1.38617e-05 
0.0684246 0.00451948 -4.57711e-05 
0.766264 -0.015762 0.000102272 
0.187294 8.79703e-05 -4.02222e-07 
1.10952 -0.0268289 0.000191829 
-0.224921 0.0114285 -9.11239e-05 
0.211758 -0.0011983 1.78976e-06 
-0.326508 0.0141562 -0.000104991 
-0.3465 0.0153921 -0.000123672 
-0.0380562 0.00627842 -5.54833e-05 
-0.00968692 0.00508064 -4.06053e-05 
-0.2564 0.0137997 -0.000115325 
0.832173 -0.0211878 0.000165231 
-0.157131 0.0100983 -8.90328e-05 
0.119196 0.0011585 -1.82087e-05 
-0.196968 0.00975153 -7.59845e-05 
-0.109904 0.00801224 -6.57499e-05 
-0.610804 0.0225918 -0.000172076 
-0.170402 0.00984209 -8.16825e-05 
-0.366087 0.0173722 -0.000138222 
0.603257 -0.0127097 8.77752e-05 
-0.330576 0.0144709 -0.000116607 
0.215078 -0.00118992 -2.36935e-06 
-0.177421 0.00977804 -7.76583e-05 
-0.131373 0.00790618 -6.26057e-05 
-0.497254 0.0199241 -0.000158156 
0.651784 -0.0158692 0.000116496 
-0.349807 0.0157547 -0.000128663 
1.37722 -0.0348327 0.000241079 
-0.34262 0.0140415 -0.000103285 
-0.737599 0.0272925 -0.000211111 
-0.530893 0.0198374 -0.000149226 
-0.284172 0.0124544 -9.48003e-05 
