0.144487 -0.000829176 -7.31373e-07 1.96258e-08 1.14215e-10 0.147422 0.000897004 9.75111e-07 -4.0184e-08 -2.12998e-10 0.109306 -3.8724e-05 -4.7207e-06 5.13881e-09 1.76654e-10 
0.141561 -0.000628857 -5.08161e-07 1.25047e-08 -4.64013e-12 0.137339 0.000535432 -3.80469e-08 1.09263e-08 9.31697e-11 0.111037 -3.93721e-06 -6.58786e-06 1.31789e-09 3.21255e-10 
0.148367 -0.000904752 -1.32132e-06 4.27353e-08 -2.35659e-11 0.150872 0.000699381 -5.87219e-06 -1.43683e-08 4.11473e-10 0.105602 -5.04443e-05 -5.15584e-06 5.75516e-09 1.73646e-10 
0.145819 -0.000598937 -3.21891e-06 -5.11654e-09 3.24382e-10 0.143693 0.000864249 1.00179e-07 -2.86007e-08 -6.62133e-11 0.110427 1.95051e-05 -7.22555e-06 -1.5535e-09 4.27907e-10 
0.149201 -0.000438968 -3.21765e-06 -1.82457e-08 2.03338e-10 0.141006 0.000770069 1.15398e-06 -1.84157e-08 -1.53083e-10 0.103784 8.81497e-05 -2.85947e-06 -9.89881e-09 7.11208e-12 
0.135011 -0.000830984 1.51292e-06 3.82774e-08 -2.07672e-10 0.143863 0.000961604 -1.29792e-06 -4.00116e-08 6.99202e-11 0.10111 4.52367e-06 -5.16106e-06 -1.33868e-09 2.81541e-10 
0.144702 -0.000843273 8.16537e-07 2.74297e-08 -1.53946e-10 0.148182 0.000915954 2.43896e-06 -3.67601e-08 -2.60041e-10 0.105984 7.37705e-05 -3.99835e-06 -1.40662e-08 1.71677e-10 
0.145784 -0.000817028 -1.2382e-06 3.26781e-08 5.00419e-12 0.146637 0.000692539 -2.12159e-06 -2.589e-09 1.73282e-10 0.110282 -5.57427e-05 -5.95533e-06 7.33119e-09 2.47876e-10 
0.150885 -0.0010216 6.02522e-07 3.94729e-08 -1.43425e-10 0.152165 0.000846677 -1.05086e-06 -3.45706e-08 -7.90809e-11 0.111134 -0.000101945 -6.36867e-06 1.10942e-08 3.17002e-10 
0.162077 -0.000716788 -6.06107e-06 1.19138e-08 4.67194e-10 0.148522 0.00107986 1.65637e-06 -3.61769e-08 -1.87525e-10 0.108566 -1.41055e-06 -4.4918e-06 2.79965e-09 1.42792e-10 
0.125924 -0.00083575 4.93152e-06 2.88925e-08 -3.89799e-10 0.140777 0.000679161 -3.01698e-06 -2.30741e-08 1.33841e-10 0.108522 6.17519e-05 -7.06499e-06 -5.83813e-09 3.67262e-10 
0.139533 -0.000573403 -4.92312e-07 1.08715e-08 -1.88911e-11 0.145083 0.00076447 -6.44217e-07 -2.32667e-08 8.45421e-12 0.0984251 3.14811e-06 -1.83379e-06 -6.89903e-10 1.03192e-11 
0.134812 -0.000562877 -3.04985e-06 9.88147e-09 1.99592e-10 0.137159 0.00079066 1.99185e-06 -3.62394e-08 -2.83037e-10 0.102317 -3.988e-05 -5.45878e-06 1.66676e-09 2.90645e-10 
0.14357 -0.000774426 2.55003e-07 2.39896e-08 -7.48094e-11 0.150379 0.000708567 -6.01257e-06 -1.55621e-08 4.50486e-10 0.109689 3.12165e-05 -6.51093e-06 -4.47843e-09 3.39556e-10 
0.141272 -0.000785535 1.71199e-06 2.04288e-08 -1.7392e-10 0.145799 0.00063496 -3.68439e-06 -2.1387e-09 3.20113e-10 0.114817 2.94917e-07 -7.04413e-06 3.00283e-10 3.59729e-10 
0.135314 -0.000834946 4.22658e-06 1.88309e-08 -3.36538e-10 0.140538 0.000740606 -1.45456e-07 -1.34605e-08 6.48742e-11 0.104974 7.39235e-05 -3.89433e-06 -9.63562e-09 1.56283e-10 
0.144112 -0.000802961 -2.94325e-06 2.27707e-08 3.02138e-10 0.136479 0.000656979 3.28629e-06 -4.37131e-09 -2.16438e-10 0.103707 -6.48819e-05 -4.49261e-06 6.12771e-09 1.78844e-10 
0.145453 -0.000567223 -2.68236e-06 -9.52749e-10 1.91052e-10 0.142731 0.000660556 -2.15149e-06 -1.6341e-08 8.82405e-11 0.102549 8.25461e-05 -4.82658e-06 -4.7148e-09 2.04011e-10 
0.13629 -0.00066602 -1.34281e-06 1.42871e-08 7.23846e-11 0.136113 0.000643941 1.73301e-06 -2.60749e-08 -2.96243e-10 0.101019 -3.11605e-05 -4.70034e-06 -6.31337e-10 2.10525e-10 
0.15097 -0.000603606 -3.90455e-06 2.28854e-09 3.15118e-10 0.143663 0.000738769 -3.45715e-06 -1.40422e-08 3.731e-10 0.105515 0.000134276 -5.443e-06 -1.50663e-08 3.10843e-10 
0.149059 -0.000994257 -1.06225e-06 4.58956e-08 -6.18744e-11 0.146592 0.000901843 1.23348e-06 -3.63379e-08 -2.46636e-10 0.0997713 -9.10885e-05 -2.70431e-06 7.2558e-09 4.73575e-11 
0.157712 -0.000954733 -1.05417e-06 3.16508e-08 -2.15092e-11 0.154799 0.000720102 -3.19717e-06 9.64622e-10 2.75914e-10 0.109396 2.81408e-05 -5.10476e-06 -1.86025e-09 1.67782e-10 
0.156081 -0.000797628 -3.06808e-06 1.31129e-08 2.03956e-10 0.144897 0.000880688 -1.93931e-06 -2.52519e-08 1.38613e-10 0.110488 7.61509e-06 -6.01779e-06 1.93901e-09 2.28177e-10 
0.144404 -0.000856719 -2.08502e-06 4.01531e-08 1.00651e-10 0.145716 0.000498655 -3.20045e-06 1.04532e-08 1.71108e-10 0.106501 -0.000134459 -5.95783e-06 1.93953e-08 2.67253e-10 
0.145498 -0.000713299 -5.13809e-06 2.09403e-08 4.40827e-10 0.144315 0.000841158 7.33835e-07 -3.10713e-08 -1.28659e-10 0.103037 -1.91131e-05 -3.92498e-06 3.7558e-09 1.37462e-10 
0.134041 -0.000397039 -2.49965e-06 -1.05876e-08 2.19654e-10 0.133992 0.000596399 -2.07501e-07 -2.72814e-09 1.30782e-10 0.100143 -5.6135e-05 -4.20767e-06 5.38557e-09 1.95143e-10 
0.128872 -0.000553847 -2.98416e-06 1.89022e-09 4.94331e-10 0.14189 0.000473287 -5.36814e-06 5.95247e-09 4.981e-10 0.0936823 -2.34347e-05 -2.33019e-06 3.77015e-09 6.77907e-11 
0.145314 -0.000657202 -2.2142e-06 1.06005e-08 1.63262e-10 0.150654 0.000893374 -4.06308e-06 -4.268e-08 2.38421e-10 0.104983 3.72976e-05 -6.25865e-06 -5.48322e-09 3.3599e-10 
0.148536 -0.000749685 -3.28545e-06 2.24619e-08 2.20821e-10 0.126397 0.00100004 7.20656e-06 -3.8653e-08 -4.39994e-10 0.100775 -7.51154e-06 -3.55764e-06 -6.67198e-11 1.7217e-10 
0.14195 -0.000859802 -1.43753e-07 3.37207e-08 -4.88798e-11 0.135794 0.000624619 -3.74547e-07 -2.41213e-10 1.20203e-10 0.106328 -7.19505e-06 -6.02357e-06 -1.63494e-09 3.45783e-10 
0.140321 -0.000789252 1.03808e-06 1.96362e-08 -1.17219e-10 0.14583 0.000867495 -4.03351e-06 -2.58179e-08 4.08637e-10 0.11032 0.000104735 -6.85544e-06 -1.2445e-08 3.77059e-10 
0.142927 -0.000661673 -3.74721e-06 1.76807e-08 2.40503e-10 0.133976 0.000848661 1.1467e-06 -2.80149e-08 -2.753e-11 0.10827 1.3653e-05 -7.67352e-06 -3.6032e-09 4.54467e-10 
0.147672 -0.000832484 -1.8591e-07 3.09508e-08 -7.99046e-11 0.148699 0.00105714 -3.34983e-06 -5.27178e-08 2.23657e-10 0.110302 0.000157185 -7.39388e-06 -1.77302e-08 4.58442e-10 
0.148763 -0.000779752 -4.77431e-07 3.51334e-08 -2.21284e-10 0.139821 0.00051908 -1.01344e-06 1.0418e-08 1.10373e-10 0.103666 3.91948e-05 -3.31927e-06 -4.90065e-09 3.40784e-11 
0.146475 -0.000934842 1.02845e-06 4.25631e-08 -1.71954e-10 0.148 0.000517132 -4.17507e-06 1.7481e-08 4.51153e-10 0.103813 -4.38127e-05 -4.47535e-06 8.97628e-09 1.80667e-10 
0.136894 -0.00070719 -6.25487e-07 2.16967e-08 5.30247e-12 0.146358 0.000614348 -2.02982e-06 -1.61778e-08 4.70416e-11 0.107516 -2.75713e-05 -2.62497e-06 3.2121e-10 -5.75379e-11 
0.142612 -0.000879553 1.18851e-06 3.56786e-08 -2.7141e-10 0.164232 0.000711593 -7.47331e-06 -9.07065e-09 5.65303e-10 0.10549 -2.69817e-05 -5.759e-06 -1.79301e-09 2.90555e-10 
0.155398 -0.000642383 -7.70144e-06 1.32518e-08 5.81023e-10 0.14178 0.000757824 1.41553e-06 -2.37134e-08 -2.08036e-10 0.10641 1.67105e-05 -5.34508e-06 -1.63518e-10 2.57657e-10 
0.149473 -0.00101154 1.46202e-06 3.48574e-08 -2.12571e-10 0.153994 0.000879506 -3.11605e-06 -1.78057e-08 2.638e-10 0.111041 3.8862e-05 -7.4258e-06 -7.68654e-09 4.01553e-10 
0.154193 -0.000758594 -8.02673e-06 2.13697e-08 7.44733e-10 0.152703 0.000845779 -3.954e-06 -3.44506e-08 2.12739e-10 0.106267 4.16681e-06 -4.97492e-06 4.93112e-09 2.08981e-10 
0.143601 -0.00066079 -1.41557e-06 7.94875e-09 9.23335e-11 0.143981 0.000771402 -1.18021e-06 -2.3512e-08 1.15774e-10 0.103442 9.26428e-05 -4.07152e-06 -1.20055e-08 1.17123e-10 
0.134498 -0.000521955 -2.01739e-06 -2.67768e-10 1.975e-10 0.138228 0.00099102 -5.1763e-07 -4.91731e-08 -1.86157e-11 0.105063 8.52489e-05 -5.77889e-06 -8.47511e-09 2.97243e-10 
0.147716 -0.000506285 -4.53856e-06 -8.50799e-09 3.59445e-10 0.150073 0.000817603 -6.15328e-06 -2.66576e-08 4.13954e-10 0.0962439 0.000150664 -2.5965e-06 -1.39251e-08 2.9812e-11 
0.139043 -0.000771447 -2.53131e-07 3.21814e-08 -6.10071e-11 0.145891 0.000567318 -3.9373e-06 -5.13835e-10 3.6455e-10 0.103164 -8.66665e-05 -4.62372e-06 7.30014e-09 2.3623e-10 
0.138668 -0.0006624 -5.61144e-07 2.72702e-09 1.49359e-10 0.145353 0.000637355 -2.45081e-06 -6.8898e-09 2.29531e-10 0.110338 4.01844e-05 -6.14679e-06 -1.98438e-09 2.87189e-10 
0.155556 -0.000582447 -3.11967e-06 -3.78696e-09 1.65405e-10 0.149498 0.000583309 -4.1373e-06 1.59901e-09 3.51633e-10 0.116775 -3.49417e-05 -7.64158e-06 -2.24419e-09 3.46549e-10 
0.147588 -0.000730394 -2.76843e-06 2.70114e-08 7.41647e-11 0.149762 0.000718801 -2.34833e-06 -1.4169e-09 2.20506e-10 0.105499 -3.51617e-06 -5.54008e-06 9.51614e-10 2.81002e-10 
0.13687 -0.000740987 2.76181e-06 2.27812e-08 -3.69459e-10 0.150101 0.000674392 -4.94888e-06 -1.33738e-08 4.221e-10 0.109708 3.54283e-05 -5.99291e-06 -9.77639e-09 2.30706e-10 
0.149763 -0.000559765 -3.5406e-06 -1.28432e-08 3.58293e-10 0.135834 0.000922385 5.41351e-06 -4.68241e-08 -5.77554e-10 0.108145 8.53404e-05 -3.25195e-06 -1.1886e-08 2.69943e-11 
0.146535 -0.000552695 -4.62063e-06 -1.38392e-08 5.16335e-10 0.152787 0.000894075 -2.09223e-06 -3.03543e-08 4.27621e-11 0.106006 -2.80663e-05 -4.07811e-06 8.8563e-11 6.69525e-11 
0.131973 -0.000583523 -2.38853e-07 3.18528e-09 1.65206e-10 0.138491 0.000613297 -1.71268e-07 -2.59361e-09 -1.01854e-11 0.106813 -1.80326e-05 -5.67642e-06 4.2463e-09 2.88333e-10 
0.15404 -0.000869767 -6.8105e-06 3.88477e-08 5.07539e-10 0.144807 0.000683151 -3.4524e-06 -1.55487e-08 2.88478e-10 0.106633 -0.00012503 -7.21767e-06 1.30064e-08 4.55409e-10 
0.149616 -0.000828915 -2.60951e-06 2.64827e-08 2.08325e-10 0.149047 0.000969263 2.48693e-08 -5.02049e-08 -2.19342e-10 0.111299 -2.64867e-05 -7.42195e-06 3.30034e-09 3.98848e-10 
0.146851 -0.000836603 -2.87429e-06 2.28019e-08 2.46068e-10 0.143359 0.000850935 9.93061e-08 -3.59824e-08 -1.77192e-10 0.103197 -3.65054e-05 -3.98662e-06 5.47501e-09 1.4895e-10 
0.15117 -0.000617363 -1.73023e-06 1.36801e-08 5.36173e-12 0.135915 0.00074709 1.01003e-06 -3.27608e-08 -1.80656e-10 0.11053 6.82996e-05 -6.20553e-06 -6.62875e-09 3.1372e-10 
0.134025 -0.000879994 5.05765e-06 3.83927e-08 -5.68624e-10 0.143656 0.000645494 -5.93982e-07 -1.07082e-08 2.12862e-11 0.09556 0.000138694 -1.60318e-06 -1.78551e-08 -4.79183e-11 
0.157328 -0.00101564 -2.11718e-06 4.20062e-08 1.01783e-10 0.149678 0.000863752 -8.93289e-08 -7.47986e-09 1.15425e-11 0.101995 5.83725e-05 -4.11152e-06 -8.47195e-09 1.48528e-10 
0.148559 -0.000973117 -2.62751e-06 4.60286e-08 1.09491e-10 0.147049 0.000428711 -3.72196e-06 2.62724e-08 4.01446e-10 0.111216 -0.000106651 -7.2465e-06 1.15023e-08 3.81796e-10 
0.148361 -0.000591646 -1.66611e-06 -4.52811e-09 5.11653e-11 0.141664 0.000586007 -2.63247e-06 1.32275e-08 3.37392e-10 0.105419 1.10766e-05 -4.20862e-06 -5.07669e-09 8.9593e-11 
0.135979 -0.000417848 -3.50558e-06 -2.16559e-09 3.04075e-10 0.137429 0.000713259 -9.30629e-07 -2.08027e-08 2.85889e-11 0.10108 0.000129726 -2.40297e-06 -1.29996e-08 -1.10816e-11 
0.156307 -0.000657739 -8.09804e-06 6.0683e-10 7.27746e-10 0.143811 0.000843707 -1.44031e-06 -4.01392e-08 -2.74734e-11 0.107875 -2.70613e-05 -6.86769e-06 2.97701e-09 3.95151e-10 
0.137085 -0.000751516 -1.90156e-06 2.52934e-08 1.58412e-10 0.144267 0.00052668 -2.8855e-06 1.77145e-08 3.67147e-10 0.102409 -4.54287e-05 -6.6599e-06 5.44432e-09 4.17365e-10 
0.154033 -0.000825884 -3.10871e-06 2.69634e-08 2.21825e-10 0.146502 0.000783362 1.25395e-06 -1.65156e-08 -1.57367e-10 0.102924 2.02611e-05 -3.91871e-06 -2.13824e-09 1.37717e-10 
0.146097 -0.000749709 -6.40649e-08 3.15954e-08 -1.45182e-10 0.148553 0.000646431 -3.02981e-06 -8.73074e-09 1.83677e-10 0.104106 6.63832e-06 -4.0228e-06 1.59496e-09 1.36433e-10 
0.140214 -0.000608765 -1.6946e-06 1.18303e-08 5.08017e-11 0.148382 0.000640124 -4.20156e-06 -2.75152e-09 3.48977e-10 0.105131 1.17732e-05 -4.96191e-06 -1.2618e-09 2.27725e-10 
0.151519 -0.000642555 -2.35337e-06 2.0576e-09 1.46007e-10 0.149157 0.000662717 -4.34822e-06 -1.26598e-08 3.07829e-10 0.11078 8.3678e-06 -6.08413e-06 -1.04e-09 2.48743e-10 
0.14564 -0.000581279 -7.74271e-07 -1.98242e-09 -4.59472e-12 0.153234 0.000753204 -1.8886e-06 -1.19415e-08 9.80193e-11 0.116511 -6.5978e-06 -6.00019e-06 1.90789e-09 1.72425e-10 
0.145371 -0.000763045 -3.71087e-06 2.59982e-08 2.76381e-10 0.152207 0.000543486 -8.17774e-06 -2.75152e-09 5.93497e-10 0.105834 9.03186e-05 -6.26166e-06 -9.33052e-09 3.4425e-10 
0.150001 -0.000762505 -5.14243e-06 2.33731e-08 3.34689e-10 0.140392 0.000480182 -3.09531e-06 1.60834e-08 2.73964e-10 0.107081 -8.23061e-05 -7.46022e-06 1.20857e-08 4.38642e-10 
0.143738 -0.000864675 1.00618e-06 3.43388e-08 -1.77382e-10 0.144734 0.000628044 -3.16079e-06 6.97838e-09 3.58725e-10 0.101204 0.000129423 -3.27194e-06 -1.22835e-08 5.56826e-11 
0.137366 -0.000727733 2.29006e-07 2.85973e-08 -6.79007e-11 0.135873 0.000608204 2.03204e-07 6.14827e-09 1.29376e-10 0.103027 1.80498e-05 -4.23101e-06 1.9718e-09 2.13621e-10 
0.151419 -0.000866789 -1.98491e-06 3.88391e-08 -8.18221e-12 0.147681 0.000558892 -4.04166e-06 -2.14199e-11 1.98873e-10 0.109073 -1.54386e-05 -5.23755e-06 -2.3264e-09 1.28024e-10 
0.144297 -0.000611279 -2.51793e-06 -4.31141e-09 3.16309e-10 0.139823 0.000823731 6.69632e-07 -2.82953e-08 -1.21292e-10 0.103503 3.55638e-05 -3.18963e-06 -2.84752e-09 6.59875e-11 
0.137052 -0.000489111 2.32284e-08 -1.16268e-08 3.92392e-11 0.140505 0.000628283 -1.43985e-06 -1.37167e-08 7.55763e-11 0.100289 6.84541e-05 -2.48126e-06 -4.60835e-09 2.35379e-12 
0.147309 -0.0010087 1.90136e-06 3.35909e-08 -1.83358e-10 0.152014 0.000894865 -1.33984e-06 -3.37491e-08 2.73733e-11 0.109542 -4.84609e-05 -5.79702e-06 1.83393e-09 2.40403e-10 
0.14139 -0.000843672 -5.02832e-07 3.15888e-08 4.28022e-11 0.150523 0.00072426 -3.89146e-06 -1.69891e-08 2.75338e-10 0.108244 -0.000119141 -7.58033e-06 1.16771e-08 4.58304e-10 
0.1489 -0.00079937 -1.59228e-06 9.87883e-09 1.88494e-10 0.146535 0.000763576 -1.3196e-06 -1.09795e-08 1.3478e-10 0.108688 3.99734e-05 -4.75839e-06 -4.28693e-09 1.65363e-10 
0.155459 -0.000546093 -5.48801e-06 -2.22082e-08 5.99636e-10 0.148763 0.00102761 -6.28263e-07 -5.2597e-08 7.36508e-12 0.113568 -8.22757e-06 -7.14378e-06 -1.47295e-09 3.80094e-10 
0.138446 -0.000757702 -9.15437e-07 2.68435e-08 7.19456e-11 0.139324 0.000409924 -4.14497e-06 1.67356e-08 4.09342e-10 0.102944 -4.67874e-05 -3.59979e-06 6.15302e-09 1.0789e-10 
0.136346 -0.000601076 2.71921e-06 -2.20652e-09 -1.81415e-10 0.148969 0.000549952 -1.25024e-06 1.1756e-08 1.38186e-10 0.103049 -1.93153e-06 -3.1719e-06 2.93827e-09 5.40994e-11 
0.138028 -0.000650637 1.6872e-06 -2.31732e-09 -6.78107e-11 0.140907 0.000645155 -3.14047e-06 -1.09002e-08 2.79522e-10 0.100799 -7.63343e-06 -2.75805e-06 1.85199e-10 1.60244e-11 
0.148873 -0.000555416 -5.68712e-06 -6.5729e-09 4.49716e-10 0.153427 0.000413619 -9.50647e-06 1.25247e-08 8.15241e-10 0.110585 -7.16588e-05 -6.08578e-06 4.52174e-09 2.54153e-10 
0.145156 -0.000822428 -1.61965e-07 1.03382e-08 5.25135e-11 0.156575 0.000670542 -5.03785e-06 5.39404e-10 4.10188e-10 0.114357 -2.41097e-05 -6.94376e-06 1.81183e-09 2.84912e-10 
0.145593 -0.000636325 -2.77053e-06 -7.86228e-09 3.705e-10 0.145859 0.00063619 -1.83082e-06 2.19242e-09 2.13695e-10 0.104168 2.30874e-05 -3.56857e-06 -3.90896e-09 1.34848e-10 
0.143191 -0.000645303 -1.14244e-06 6.43544e-09 9.81656e-11 0.143711 0.000809625 -2.59264e-06 -1.72026e-08 2.71652e-10 0.0956738 1.8263e-05 -1.33779e-06 3.27941e-09 -7.10339e-11 
0.152878 -0.000675204 -6.12956e-06 1.50473e-08 4.27302e-10 0.144589 0.000827598 -1.00724e-06 -2.5754e-08 7.03691e-11 0.110867 3.89926e-05 -6.3754e-06 -1.29737e-09 2.67828e-10 
0.13903 -0.000355941 -5.49549e-06 -1.85507e-08 4.94075e-10 0.148444 0.000747869 -3.00183e-06 -2.38326e-08 1.46933e-10 0.106556 -4.71232e-05 -5.37178e-06 7.42296e-10 2.25269e-10 
0.138562 -0.000827342 1.64451e-06 1.74245e-08 -7.5771e-11 0.139956 0.00074344 -2.25289e-07 -7.86922e-09 8.32637e-11 0.100439 3.27553e-05 -4.78669e-06 -1.17775e-09 2.26046e-10 
0.150064 -0.000902237 -1.40223e-06 3.63447e-08 9.66719e-11 0.140857 0.000788096 -3.02363e-07 -3.45863e-08 -2.96718e-11 0.103423 -1.03642e-05 -3.95312e-06 2.46787e-09 1.7871e-10 
0.134907 -0.00060196 2.34978e-06 8.64048e-09 -2.56206e-10 0.137128 0.000883255 2.94413e-06 -4.80925e-08 -4.03051e-10 0.105057 5.3267e-05 -2.92014e-06 -8.06639e-09 1.82868e-12 
0.14305 -0.000682691 -2.8403e-06 1.50745e-08 3.10609e-10 0.139659 0.000583419 -5.27663e-07 -1.15922e-09 1.74071e-10 0.107508 6.90442e-07 -6.62862e-06 -1.22322e-09 4.56036e-10 
0.146415 -0.000613962 -1.90413e-06 1.00465e-08 6.6974e-11 0.153733 0.000736218 -2.25603e-06 -8.68402e-09 1.41141e-10 0.106307 0.000131268 -4.84563e-06 -1.23269e-08 2.01186e-10 
0.144118 -0.000636254 -1.52126e-06 1.19483e-08 1.53503e-10 0.137719 0.000962798 1.39212e-06 -5.11775e-08 -1.77402e-10 0.102374 8.56911e-05 -3.60027e-06 -6.69247e-09 1.26154e-10 
0.1479 -0.000622999 -1.43061e-06 1.44345e-08 -1.06115e-11 0.14614 0.00081242 -2.17664e-06 -3.99575e-08 6.80472e-11 0.105652 1.59593e-05 -4.66905e-06 -3.65422e-09 2.23351e-10 
0.141921 -0.000728573 -1.83396e-06 3.77066e-08 2.3829e-11 0.145459 0.000539482 -6.95488e-06 -1.04125e-08 6.46606e-10 0.107811 7.61671e-05 -6.8075e-06 -1.08729e-08 4.19003e-10 
0.140854 -0.000622906 -3.11289e-06 1.20651e-08 2.60931e-10 0.143802 0.000815437 -1.92069e-06 -4.10059e-08 6.83527e-11 0.106309 0.000104563 -4.84769e-06 -1.0661e-08 2.41948e-10 
0.137472 -0.000692886 1.32805e-06 1.8318e-08 -4.50573e-11 0.146996 0.000773892 -2.46648e-06 -3.28868e-08 1.40804e-10 0.107787 -6.32908e-05 -5.00361e-06 1.05232e-08 2.39368e-10 
0.131695 -0.000739918 5.76281e-06 1.68609e-08 -4.34033e-10 0.137093 0.00068591 3.35403e-06 -1.77256e-08 -2.73763e-10 0.102972 2.74187e-05 -2.9316e-06 -6.12556e-09 1.13636e-10 
0.132212 -0.00076928 2.20647e-06 2.72476e-08 -1.54055e-10 0.14503 0.000917974 -1.63624e-06 -6.25097e-08 -1.78872e-11 0.100685 1.18199e-06 -3.08761e-06 -3.42218e-09 1.56559e-10 
0.138402 -0.000587895 -9.89228e-07 5.53349e-09 6.20464e-11 0.139814 0.000616973 -5.11991e-06 -2.62661e-08 3.81985e-10 0.0958553 0.000150749 -2.92875e-06 -2.19926e-08 1.57742e-10 
0.135293 -0.000658504 -4.8245e-07 1.9685e-08 -9.64892e-12 0.145998 0.000662051 -3.00791e-06 -1.00267e-08 3.2414e-10 0.106586 4.46276e-05 -5.94122e-06 -7.34767e-09 3.17482e-10 
0.134628 -0.000735379 1.50455e-06 2.52423e-08 -1.59206e-10 0.133713 0.000646778 4.48034e-06 -1.18659e-08 -4.28293e-10 0.104252 -0.000146122 -3.49218e-06 1.35949e-08 4.65193e-11 
0.140794 -0.000795044 8.04117e-07 3.36706e-08 -1.4079e-10 0.151276 0.000506002 -5.24938e-06 3.50315e-09 3.3862e-10 0.106794 -3.78158e-05 -4.05485e-06 9.55447e-09 1.74992e-10 
0.139772 -0.000679937 -3.76575e-07 2.14118e-09 1.53547e-10 0.141854 0.000814887 8.9749e-08 -3.54962e-08 -4.40731e-11 0.0944442 -7.02346e-06 -3.04422e-06 -1.89958e-09 1.99331e-10 
0.146667 -0.00067388 -2.16043e-06 7.84543e-09 1.76318e-10 0.147296 0.000656923 -8.01291e-06 -6.84722e-09 7.82069e-10 0.112273 0.000110466 -7.90022e-06 -1.01388e-08 4.37248e-10 
0.140179 -0.000639039 -4.47497e-06 4.31956e-09 5.11719e-10 0.145185 0.000688789 -1.82826e-06 -2.34071e-08 1.23261e-11 0.111725 2.55604e-05 -8.39723e-06 -4.11027e-09 5.18419e-10 
0.133157 -0.000699514 1.87394e-06 1.14821e-08 -6.40561e-11 0.143721 0.000669269 2.1037e-08 2.59891e-10 6.19329e-11 0.105867 1.00617e-05 -4.81594e-06 -4.49007e-09 2.6682e-10 
0.143825 -0.000732201 -2.61333e-06 2.7738e-08 1.74132e-10 0.144894 0.000404559 -5.36906e-06 1.98485e-08 4.51834e-10 0.106108 -0.000108896 -5.81596e-06 9.70595e-09 3.33852e-10 
0.137112 -0.000503158 -2.30598e-06 -1.59535e-09 3.18193e-10 0.130815 0.000489514 5.85409e-07 -7.62341e-09 -1.1619e-10 0.0990249 5.49435e-05 -2.96795e-06 -6.18952e-09 7.80583e-11 
0.137953 -0.000667546 -2.79106e-06 2.05672e-08 2.41132e-10 0.142004 0.0010531 1.02146e-06 -6.05377e-08 -1.85128e-10 0.100412 -7.27352e-05 -4.8644e-06 4.76882e-09 2.47864e-10 
0.148214 -0.000572315 -3.14559e-06 -9.9945e-10 3.08447e-10 0.146864 0.000839311 3.14355e-06 -2.3352e-08 -3.13466e-10 0.104275 8.64062e-05 -2.6892e-06 -8.121e-09 3.29004e-11 
0.127982 -0.000695808 4.01795e-06 1.74586e-08 -2.57195e-10 0.143299 0.000578654 -1.09586e-06 -1.37071e-08 -6.06549e-11 0.101131 -3.01174e-05 -2.58456e-06 2.88964e-09 3.95439e-11 
0.142719 -0.000721436 -3.5582e-06 1.94803e-08 3.40371e-10 0.135323 0.000845309 2.4465e-06 -3.88242e-08 -2.46318e-10 0.105664 -1.71375e-05 -3.05998e-06 2.79422e-10 3.568e-11 
0.136884 -0.000727996 4.64672e-07 3.10182e-08 -1.0436e-10 0.146581 0.000854766 1.92483e-06 -4.1356e-08 -3.83881e-10 0.10515 -5.03002e-05 -4.35194e-06 6.49673e-09 1.49525e-10 
0.146321 -0.000518131 -6.7185e-06 6.95376e-09 5.72012e-10 0.144781 0.000911714 -8.90542e-07 -3.62262e-08 1.59772e-10 0.102972 -8.9172e-05 -5.6968e-06 6.13025e-09 3.82738e-10 
0.136804 -0.000711473 1.24504e-06 3.07196e-08 -2.38799e-10 0.139711 0.000741715 3.43789e-07 -2.0846e-08 -2.74739e-12 0.099041 -7.87394e-05 -1.72868e-06 4.20821e-09 7.58869e-12 
0.136532 -0.000610906 3.15742e-06 1.99342e-08 -3.8758e-10 0.143364 0.000567326 -6.81655e-07 -1.03362e-08 -5.01872e-11 0.0984931 2.08e-05 -3.66353e-08 -3.78999e-09 -1.69722e-10 
0.14572 -0.000524823 -4.7068e-06 1.0512e-08 3.17113e-10 0.142022 0.000684376 -1.70088e-06 -1.90184e-08 1.37371e-10 0.106913 0.000185203 -4.78116e-06 -1.96574e-08 2.19175e-10 
0.143044 -0.000670031 2.86069e-07 1.58603e-08 -1.07392e-10 0.142595 0.000705757 9.71335e-07 -2.18768e-08 -6.59074e-11 0.0962809 0.000108065 -2.26723e-07 -1.33123e-08 -9.85754e-11 
0.160619 -0.000717552 -7.02346e-06 2.03352e-08 3.52153e-10 0.134351 0.000498039 -3.09335e-08 2.35688e-09 9.4126e-11 0.112638 -0.000143453 -8.22385e-06 1.01009e-08 4.75855e-10 
0.145757 -0.000711387 -1.28233e-06 1.50395e-08 1.36043e-10 0.138469 0.000946586 4.19079e-06 -4.97813e-08 -4.11167e-10 0.102024 0.000107182 -4.35268e-06 -1.60299e-08 2.19945e-10 
0.155729 -0.000806287 -3.65996e-06 2.7277e-08 2.41325e-10 0.141644 0.000755516 1.04103e-06 -1.46531e-08 -2.80085e-11 0.105742 -2.97722e-06 -4.27545e-06 2.06551e-09 1.89891e-10 
0.136512 -0.000725751 9.18804e-07 1.8093e-08 -1.67615e-11 0.15134 0.000953864 -3.43176e-06 -4.41481e-08 2.35382e-10 0.104253 -4.14074e-05 -4.36163e-06 3.60849e-09 2.57059e-10 
0.147234 -0.000700482 -4.65867e-06 2.90557e-08 3.3645e-10 0.141453 0.000682677 1.35393e-06 -3.74059e-08 -2.4921e-10 0.110108 -4.16143e-06 -6.69322e-06 4.46771e-10 3.78518e-10 
0.143826 -0.000911052 -2.76336e-06 4.46341e-08 2.25832e-10 0.14654 0.000866962 -3.37819e-07 -4.14708e-08 -9.56836e-11 0.110556 -4.78876e-05 -8.21765e-06 3.95453e-09 5.3742e-10 
0.132692 -0.000404826 -1.94235e-06 1.25124e-09 1.36325e-10 0.130156 0.000819464 7.0831e-06 -2.9862e-08 -5.05052e-10 0.104015 5.24011e-05 -5.36674e-06 -3.41901e-09 3.25081e-10 
0.140915 -0.000660478 -3.75406e-06 2.45666e-08 2.65497e-10 0.13133 0.000503208 3.53609e-07 -2.82611e-09 -8.44223e-11 0.0964993 -2.29802e-05 -2.58108e-06 7.58112e-09 1.06234e-10 
0.13318 -0.00063114 3.63812e-06 1.2525e-08 -3.0142e-10 0.142726 0.000632599 -1.57935e-07 -1.20681e-08 2.01497e-11 0.104314 -4.68961e-05 -5.92194e-06 5.26344e-09 3.85249e-10 
0.137441 -0.000537754 -2.14307e-06 2.21179e-09 1.80734e-10 0.148488 0.000535518 -4.95365e-06 1.86543e-09 3.67893e-10 0.107576 2.69417e-05 -5.59184e-06 -4.43798e-09 2.13281e-10 
0.142819 -0.000967262 8.95007e-07 4.20937e-08 3.46253e-11 0.131308 0.000628009 8.15657e-07 -1.16027e-08 -2.43323e-11 0.105281 -0.000158101 -6.50604e-06 2.4477e-08 4.54782e-10 
0.13368 -0.000624579 -6.15382e-07 1.83895e-08 5.30101e-11 0.148273 0.000675941 -5.90619e-06 -1.60033e-08 4.81163e-10 0.105897 0.000118971 -7.38711e-06 -9.04546e-09 4.96398e-10 
0.141251 -0.0006104 5.70685e-07 4.01686e-09 1.79416e-11 0.149385 0.000666834 -1.97915e-06 -1.24354e-08 9.12188e-11 0.113383 1.7443e-05 -6.26134e-06 -1.12987e-09 2.8664e-10 
0.140048 -0.0005027 -8.15346e-07 -4.8831e-09 6.81253e-11 0.147891 0.000413624 -6.72602e-06 3.56116e-10 5.36775e-10 0.104899 1.04868e-05 -5.08726e-06 -3.15445e-09 2.8483e-10 
0.140466 -0.0009421 2.72493e-06 4.80514e-08 -3.41042e-10 0.14226 0.00082791 2.538e-06 -4.98642e-08 -4.31457e-10 0.102965 -3.20796e-05 -4.4952e-06 3.91158e-09 2.55516e-10 
0.136774 -0.000756778 -4.58245e-07 2.68678e-08 1.07075e-10 0.138959 0.000828723 2.60457e-06 -3.84424e-08 -3.27949e-10 0.108245 -5.65448e-06 -3.86548e-06 3.28839e-09 1.40057e-10 
0.129266 -0.000558273 7.56611e-06 -2.81727e-09 -6.15699e-10 0.151463 0.000640057 -7.73742e-06 -6.74748e-09 6.18521e-10 0.104524 4.24257e-06 -5.96136e-06 -2.69925e-09 3.34096e-10 
0.135321 -0.0007671 4.85788e-06 3.23793e-08 -4.34861e-10 0.135112 0.000526861 -3.32485e-06 -4.30653e-09 3.45562e-10 0.105982 -7.81542e-06 -6.13264e-06 5.56115e-09 3.95076e-10 
0.141935 -0.000817702 -2.91726e-06 3.41455e-08 2.79423e-10 0.143776 0.000426686 -3.31454e-06 7.16522e-09 3.12322e-10 0.0986797 -2.57788e-05 -3.22545e-06 2.23716e-09 1.47323e-10 
0.143967 -0.000618466 -2.55566e-06 8.27583e-09 2.23838e-10 0.14118 0.000735743 -2.66267e-07 -2.6057e-08 3.7654e-12 0.0999689 5.80699e-05 -3.09536e-06 -5.82928e-09 1.27288e-10 
0.153545 -0.00100299 -1.85865e-07 5.28612e-08 -2.21855e-10 0.144411 0.00067993 -4.84004e-07 -2.34354e-08 -5.07423e-12 0.102438 -9.45723e-05 -4.8319e-06 1.08249e-08 2.5537e-10 
0.133608 -0.000702008 2.91118e-06 2.34925e-08 -2.99384e-10 0.1429 0.000439508 -2.80227e-06 6.8792e-10 1.79955e-10 0.0954006 -2.96983e-05 -1.14365e-06 2.50961e-09 -9.70827e-12 
0.141521 -0.000459736 -4.93218e-06 -4.37325e-09 5.03138e-10 0.157208 0.000724336 -8.70144e-07 -1.27946e-08 -4.89506e-11 0.112438 -3.45839e-05 -7.64468e-06 3.59884e-09 4.05567e-10 
0.145489 -0.000674498 -1.58457e-06 3.50113e-08 -9.53638e-11 0.148048 0.000607036 -5.11292e-07 -1.04684e-08 4.63299e-12 0.111839 -8.11599e-06 -6.66678e-06 -3.91495e-10 3.63107e-10 
0.144962 -0.000658732 -8.0909e-07 1.50013e-08 -1.27142e-11 0.144508 0.000670828 -3.77509e-06 -2.05301e-08 3.73642e-10 0.108199 2.22159e-06 -5.3361e-06 -9.42168e-10 2.84452e-10 
0.145582 -0.000945941 -1.09531e-06 5.44674e-08 -5.46511e-12 0.137206 0.000643537 1.03782e-06 -7.27865e-09 -1.22059e-11 0.104738 -7.88952e-05 -4.34175e-06 8.98499e-09 2.08325e-10 
0.12763 -0.000545864 7.08479e-07 3.93823e-09 1.00008e-10 0.137384 0.000720028 3.54237e-06 -1.74216e-08 -3.22117e-10 0.106859 -4.28949e-05 -3.97201e-06 6.15417e-09 1.41999e-10 
0.145778 -0.000642436 7.3034e-07 5.53496e-09 -5.44426e-11 0.139479 0.000884184 3.3639e-06 -3.61162e-08 -3.15438e-10 0.100762 9.0069e-05 -2.98936e-06 -1.0586e-08 1.38506e-10 
0.141729 -0.000870411 3.45101e-06 2.2911e-08 -1.64447e-10 0.14114 0.000694946 1.00294e-06 -6.70313e-11 3.85916e-11 0.109439 -7.55111e-05 -4.80131e-06 1.24226e-08 1.87627e-10 
0.143605 -0.000672382 -1.01368e-06 -6.24946e-09 2.06157e-10 0.141194 0.00085241 2.47014e-06 -3.37109e-08 -2.54165e-10 0.103888 -6.37664e-05 -3.58882e-06 5.02802e-09 1.46579e-10 
0.142997 -0.000564681 -4.80946e-06 1.04059e-08 3.284e-10 0.142193 0.000453849 -6.04379e-06 -1.25209e-09 4.39116e-10 0.104206 -1.75134e-05 -4.58684e-06 -2.25848e-09 1.90324e-10 
0.141519 -0.00083035 2.73169e-06 1.94591e-08 -1.14338e-10 0.139859 0.000713351 -5.33786e-07 -1.79178e-08 6.83148e-11 0.100692 -5.27495e-06 -1.75535e-06 -3.76914e-10 -9.3449e-12 
0.140891 -0.000579861 -1.60325e-06 1.68552e-08 3.8021e-11 0.14151 0.00102864 3.97196e-06 -5.1835e-08 -4.074e-10 0.100381 7.18413e-06 -8.75741e-07 -1.21782e-09 -1.0569e-10 
0.140863 -0.000555648 -5.71647e-07 1.27651e-08 -1.01318e-10 0.144036 0.000517343 -2.38688e-06 -4.45905e-09 1.16022e-10 0.0955597 7.9541e-06 3.84247e-08 -1.90227e-09 -1.85637e-10 
0.14273 -0.000535935 -8.95168e-07 3.00353e-09 1.17289e-10 0.16194 0.000873479 -7.02998e-06 -3.56224e-08 4.48869e-10 0.117269 0.000110813 -7.44373e-06 -7.42339e-09 3.43437e-10 
0.146448 -0.000617641 -1.45914e-06 7.83168e-09 1.38335e-10 0.157842 0.000802641 -4.50477e-06 -2.31111e-08 3.33143e-10 0.113307 -8.08917e-06 -7.38822e-06 1.88594e-09 4.3205e-10 
0.148329 -0.00068216 -1.64623e-06 1.49606e-08 5.52207e-11 0.148265 0.000606671 -4.55247e-06 -1.6101e-08 3.03472e-10 0.110779 -6.43738e-06 -5.87264e-06 2.60507e-09 3.10008e-10 
0.136918 -0.00064935 -1.01501e-06 2.0154e-08 6.02167e-11 0.12418 0.000460208 5.35997e-06 5.58505e-09 -4.13629e-10 0.101137 -0.000132439 -2.5592e-06 1.75644e-08 4.46582e-12 
0.141934 -0.000782463 1.53912e-06 2.23288e-08 -1.34558e-10 0.154174 0.00057482 -4.68045e-06 2.32555e-09 4.02014e-10 0.106483 -3.66624e-05 -5.96965e-06 2.7312e-09 3.30781e-10 
0.14127 -0.000725662 7.80947e-07 2.97205e-08 -1.28774e-10 0.145568 0.000612241 -3.70594e-06 8.31035e-11 3.40477e-10 0.109789 1.63859e-05 -5.94914e-06 3.22198e-09 3.5095e-10 
0.154765 -0.000622139 -5.5664e-06 1.75857e-08 4.06286e-10 0.140279 0.000791078 2.63962e-06 -4.05506e-08 -3.75451e-10 0.10526 0.000116489 -3.86084e-06 -6.90243e-09 1.46185e-10 
0.132218 -0.00054841 -6.84171e-08 8.39915e-09 -5.11848e-12 0.140877 0.000831731 1.29637e-06 -3.81789e-08 -1.7711e-10 0.0980951 -4.89542e-05 -7.52431e-07 4.59109e-09 -1.40304e-10 
0.144916 -0.000834106 3.01895e-06 3.06269e-08 -3.5262e-10 0.146501 0.000605404 -5.08059e-06 -1.47263e-08 4.2332e-10 0.10408 -2.60277e-05 -6.0023e-06 4.30063e-10 3.81933e-10 
0.144799 -0.000658641 -2.33584e-06 1.59707e-08 1.40547e-10 0.146975 0.000707758 -2.60577e-06 -2.86372e-08 1.04463e-10 0.108915 3.73866e-05 -4.27295e-06 -3.21617e-09 1.39383e-10 
0.143553 -0.000854922 -9.58205e-07 4.23145e-08 3.54403e-11 0.143606 0.000622497 -1.55086e-06 -2.16389e-08 4.07797e-11 0.104303 2.08845e-05 -4.89346e-06 -9.79471e-10 2.83866e-10 
0.140884 -0.000456059 -2.00435e-06 2.30757e-10 2.30423e-10 0.140079 0.000654695 2.59953e-07 -1.26653e-08 -1.13165e-10 0.10476 4.51108e-05 -3.7528e-06 -2.39256e-09 8.93301e-11 
0.138186 -0.000515017 7.83473e-07 -1.89042e-08 8.58435e-11 0.141548 0.000748874 8.29988e-07 -1.00485e-08 6.09866e-11 0.105028 0.000103107 -3.31562e-06 -1.41086e-08 8.83015e-11 
0.13966 -0.000751559 -1.12847e-06 4.26342e-08 -3.8234e-11 0.158381 0.000711567 -3.83723e-06 -1.83081e-08 1.53963e-10 0.106065 -0.000125635 -4.42954e-06 1.74217e-08 1.47795e-10 
0.145951 -0.000527977 -7.30709e-06 -4.11319e-09 7.10076e-10 0.142147 0.000798504 -6.41978e-07 -2.95032e-08 -4.08845e-11 0.113041 1.75177e-05 -7.15774e-06 -5.86414e-10 3.9184e-10 
0.145667 -0.000746461 -2.80408e-06 2.53074e-08 2.79289e-10 0.146209 0.000644442 -1.30277e-06 5.19629e-09 2.18695e-10 0.103379 -0.000110817 -3.4653e-06 1.60545e-08 1.25291e-10 
0.143073 -0.000471186 -3.15752e-06 1.86444e-12 1.73168e-10 0.151268 0.000675174 -5.11123e-06 -3.36148e-08 2.8217e-10 0.111374 8.41443e-05 -5.87284e-06 -1.36815e-08 2.65833e-10 
0.138076 -0.000654523 -2.08515e-06 2.75545e-08 1.44309e-10 0.139105 0.000447496 -4.3236e-06 1.12018e-08 4.82845e-10 0.112895 -7.60449e-06 -8.8724e-06 1.44553e-09 6.19199e-10 
0.136823 -0.00062051 8.90312e-07 1.21295e-08 -7.57655e-11 0.13498 0.000658334 2.70001e-06 -2.13497e-08 -2.38437e-10 0.104681 4.85426e-05 -3.66031e-06 -8.16301e-09 1.33276e-10 
0.143616 -0.000632291 -2.91383e-06 1.27067e-08 1.94638e-10 0.142328 0.000641702 -4.36347e-06 -2.14958e-08 3.20514e-10 0.101278 0.000142068 -4.40072e-06 -1.85206e-08 1.51247e-10 
0.146529 -0.000545676 -4.144e-06 1.51667e-08 2.00206e-10 0.128378 0.000734612 5.53475e-06 -1.54205e-08 -3.50769e-10 0.0977835 -7.11712e-06 -2.57726e-06 3.09664e-09 8.72216e-11 
0.150897 -0.000437391 -5.09447e-06 -1.33191e-08 4.6547e-10 0.133052 0.000758736 5.84367e-06 -1.28799e-08 -4.25698e-10 0.110695 -1.50194e-05 -5.9234e-06 -5.19652e-10 2.74009e-10 
0.13049 -0.000690274 3.73876e-06 1.53209e-08 -1.74582e-10 0.147734 0.000508873 -4.14379e-06 -2.17605e-12 3.51717e-10 0.0971111 -0.00017455 -1.1355e-06 2.43284e-08 -5.80799e-11 
