0.508375	0.00551898	-7.99576e-05	-9.11842e-07	7.79019e-09	-0.494877	17.4842	41.299	7.4102e-11	-2.61537e-13	-2.53404e-15	-3.00045	-0.0676437	-0.000312132	1.01256e-05	1.59141e-09	1.93706	22	25.3538	-1.23117e-09	1.96501e-13	5.63729e-14	
0.544685	0.00351904	-2.37987e-05	-4.13627e-07	7.79413e-10	-0.402171	21.9927	53.3679	3.07759e-11	-5.59866e-14	-1.07737e-15	-6.85136	0.0202455	-0.0004957	-1.60725e-05	2.83252e-08	1.89408	-22	27.354	1.90573e-09	1.29203e-12	-7.73381e-14	
0.550618	-0.00287703	-0.00010071	2.48742e-07	1.06715e-08	-0.496301	-7.45094	42.6911	-9.06326e-12	-3.88384e-13	2.48691e-16	-8.13237	0.0965096	0.00105267	-1.34458e-05	-1.41844e-07	6.91735	-16.1693	37.1935	1.10107e-09	5.68909e-12	-3.86699e-14	
0.637248	-0.00254286	-4.28237e-05	3.32927e-07	2.73631e-09	-0.468498	-11.3605	54.8294	-3.28467e-11	-1.44454e-13	1.35226e-15	-5.58976	0.0196833	-0.000898368	-5.12615e-07	6.17892e-08	0.139958	22	17.964	2.40134e-10	7.50851e-13	-1.12097e-14	
0.424459	0.00706885	-7.01839e-05	-1.4784e-06	6.84069e-09	-0.449245	22	36.3065	1.47654e-10	-1.98829e-13	-5.72819e-15	-7.33958	-0.0835464	0.00106357	8.18052e-06	-1.48665e-07	6.62922	14.139	38.5338	-4.10665e-10	5.45304e-12	9.02286e-15	
0.602658	0.0037774	-4.86127e-05	-4.55601e-07	4.78045e-09	-0.410954	18.2504	47.5832	3.12245e-11	-2.55808e-13	-9.17023e-16	-6.56762	-0.0140652	-0.000702853	-5.89783e-06	1.09311e-08	0.238299	-22	9.16451	8.98952e-10	3.62254e-12	-4.74403e-14	
0.563913	0.000354223	-5.91523e-05	-3.95801e-07	3.38461e-09	-0.52141	8.04714	54.7159	3.2069e-11	-2.13413e-14	-3.32317e-16	-1.37127	0.0246057	-0.000599842	6.02812e-06	3.51373e-08	0.443304	-2.63532	10.4173	-7.52077e-10	-2.09463e-12	1.92989e-14	
0.371209	8.44784e-05	1.72798e-06	-1.51164e-07	6.34805e-10	-0.16247	21.8743	54.7796	1.68565e-12	-1.32148e-13	4.9539e-16	-6.49893	0.0222132	-0.000783012	1.40705e-06	1.74306e-08	0.0556857	22	9	-1.73086e-10	3.66564e-12	1.01658e-14	
7.77787		-0.0768419	-0.00142629	-5.04928e-06	1.5183e-07	-3.90519	-18.1137	39.5481	3.18974e-09	2.21701e-11	-5.72075e-13     -269.36		2.74087	0.0458306	0.000163733	-5.02009e-06	85.0423	-21.928	54.9239	-1.09785e-07	-7.51134e-10	1.96342e-11
2.62806		-0.0124555	-0.000665228	-4.88614e-06	5.83518e-08	-0.000710986	14.2921	54.888	1.96696e-09	1.97287e-11	-4.085e-13		-136.469	1.66189	0.0247057	5.25402e-05	-3.36805e-06	0.00155184	18.1027	50.8256	-6.52331e-08	-3.91052e-10	1.24722e-11

0.508375	0.00551898	-7.99576e-05	-9.11842e-07	7.79019e-09	-0.494877	17.4842	41.299	7.4102e-11	-2.61537e-13	-2.53404e-15	-3.00045	-0.0676437	-0.000312132	1.01256e-05	1.59141e-09	1.93706	22	25.3538	-1.23117e-09	1.96501e-13	5.63729e-14	
0.544685	0.00351904	-2.37987e-05	-4.13627e-07	7.79413e-10	-0.402171	21.9927	53.3679	3.07759e-11	-5.59866e-14	-1.07737e-15	-6.85136	0.0202455	-0.0004957	-1.60725e-05	2.83252e-08	1.89408	-22	27.354	1.90573e-09	1.29203e-12	-7.73381e-14	
0.550618	-0.00287703	-0.00010071	2.48742e-07	1.06715e-08	-0.496301	-7.45094	42.6911	-9.06326e-12	-3.88384e-13	2.48691e-16	-8.13237	0.0965096	0.00105267	-1.34458e-05	-1.41844e-07	6.91735	-16.1693	37.1935	1.10107e-09	5.68909e-12	-3.86699e-14	
0.637248	-0.00254286	-4.28237e-05	3.32927e-07	2.73631e-09	-0.468498	-11.3605	54.8294	-3.28467e-11	-1.44454e-13	1.35226e-15	-5.58976	0.0196833	-0.000898368	-5.12615e-07	6.17892e-08	0.139958	22	17.964	2.40134e-10	7.50851e-13	-1.12097e-14	
0.424459	0.00706885	-7.01839e-05	-1.4784e-06	6.84069e-09	-0.449245	22	36.3065	1.47654e-10	-1.98829e-13	-5.72819e-15	-7.33958	-0.0835464	0.00106357	8.18052e-06	-1.48665e-07	6.62922	14.139	38.5338	-4.10665e-10	5.45304e-12	9.02286e-15	
0.602658	0.0037774	-4.86127e-05	-4.55601e-07	4.78045e-09	-0.410954	18.2504	47.5832	3.12245e-11	-2.55808e-13	-9.17023e-16	-6.56762	-0.0140652	-0.000702853	-5.89783e-06	1.09311e-08	0.238299	-22	9.16451	8.98952e-10	3.62254e-12	-4.74403e-14	
0.563913	0.000354223	-5.91523e-05	-3.95801e-07	3.38461e-09	-0.52141	8.04714	54.7159	3.2069e-11	-2.13413e-14	-3.32317e-16	-1.37127	0.0246057	-0.000599842	6.02812e-06	3.51373e-08	0.443304	-2.63532	10.4173	-7.52077e-10	-2.09463e-12	1.92989e-14	
0.371209	8.44784e-05	1.72798e-06	-1.51164e-07	6.34805e-10	-0.16247	21.8743	54.7796	1.68565e-12	-1.32148e-13	4.9539e-16	-6.49893	0.0222132	-0.000783012	1.40705e-06	1.74306e-08	0.0556857	22	9	-1.73086e-10	3.66564e-12	1.01658e-14	
7.77787		-0.0768419	-0.00142629	-5.04928e-06	1.5183e-07	-3.90519	-18.1137	39.5481	3.18974e-09	2.21701e-11	-5.72075e-13     -269.36		2.74087	0.0458306	0.000163733	-5.02009e-06	85.0423	-21.928	54.9239	-1.09785e-07	-7.51134e-10	1.96342e-11
2.62806		-0.0124555	-0.000665228	-4.88614e-06	5.83518e-08	-0.000710986	14.2921	54.888	1.96696e-09	1.97287e-11	-4.085e-13		-136.469	1.66189	0.0247057	5.25402e-05	-3.36805e-06	0.00155184	18.1027	50.8256	-6.52331e-08	-3.91052e-10	1.24722e-11

