0.158517	-0.000804135	-1.98392e-06	4.94499e-08	-4.04021e-11	-6.37986e-12	4.42587e-14	4.91235e-16	-2.98156e-18	-1.32156e-20	0.196416	0.296816	
0.15922	0.000812228	-2.83554e-06	-5.12308e-08	2.80501e-10	6.47549e-12	1.15621e-15	-4.70865e-16	-1.08603e-18	1.1461e-20	0.26148	0.199702	
0.16658	-0.00077615	-1.54435e-06	3.80817e-08	-2.81954e-12	-3.34084e-12	4.7847e-14	2.92412e-17	-3.85774e-18	1.14492e-20	0.186384	0.40536	
0.166561	0.000791302	-1.85888e-06	-5.02665e-08	1.6735e-10	6.48764e-12	2.1568e-14	-3.88183e-16	-2.65824e-18	3.89232e-21	0.373448	0.182654	
0.116988	-1.81799e-06	-6.51799e-06	7.24094e-09	4.77478e-10	-3.22468e-12	-1.37385e-14	4.52162e-16	-2.10081e-19	-1.97417e-20	0.120531	0.119999	
0.12236	4.43571e-06	-6.57081e-06	-6.42042e-10	7.9578e-10	2.60354e-13	-5.92814e-14	-7.20814e-17	1.54361e-18	4.78551e-21	0.115855	0.111253	
0.0903524	5.16542e-06	-3.83884e-06	2.69564e-09	-4.95101e-10	-6.65051e-14	1.88978e-13	-1.55707e-16	-1.6186e-17	1.96757e-20	7.07334	9.77873	
-2.20745	0.10523		-0.00153813	7.38718e-06	0	0	0	0	0	0	0	0	

0.155343	-0.000747555	-2.16028e-06	2.59519e-08	4.13793e-11	5.89692e-13	2.90817e-14	-4.08899e-16	-2.2318e-18	2.67402e-20	0.160905	0.5065	
0.155653	0.000780047	-3.52916e-06	-7.39215e-08	5.87146e-10	1.81192e-11	-4.26025e-14	-2.15394e-15	7.52674e-19	8.49203e-20	0.253497	0.191416	
0.159806	-0.000776412	-8.64025e-07	5.1369e-08	-5.30066e-10	-1.81163e-12	1.4401e-13	-7.79693e-16	-8.99417e-18	6.81071e-20	0.0900886	0.66403	
0.160283	0.00073956	-2.468e-06	-5.60615e-08	5.48739e-10	1.21181e-11	-5.27063e-14	-1.27565e-15	1.3849e-18	4.23074e-20	0.335938	0.163372	
0.113816	1.84253e-05	-6.35118e-06	-1.36853e-08	6.88303e-10	5.31935e-12	-5.36981e-14	-7.93333e-16	1.77345e-18	3.70343e-20	0.0483202	0.0996146	
0.116257	-4.10221e-05	-5.62465e-06	3.36508e-08	8.29296e-10	-9.4673e-12	-8.97547e-14	1.06345e-15	3.75466e-18	-3.97375e-20	0.028068	0.0592721	
0.0880798	-1.43839e-05	-5.17434e-06	1.77306e-08	1.0838e-09	-5.76959e-12	-1.52662e-13	7.21784e-16	7.66642e-18	-3.0535e-20	0.259187	0.153712	
-0.461951	0.0323364	-0.00053726	2.8419e-06	0	0	0	0	0	0	0	0	

0.129755	-0.000562257	-3.22965e-07	5.08784e-08	-1.05307e-09	-1.42052e-11	4.40931e-13	2.11309e-15	-5.68521e-17	-1.2191e-19	2.35551e-21	1.68712e-24	
0.130633	0.000572496	-4.62027e-07	-6.72812e-08	-7.87734e-10	2.00255e-11	3.27891e-13	-3.14825e-15	-4.27155e-17	2.26772e-19	1.81101e-21	-5.86773e-24	
0.13289	-0.00046943	6.02986e-07	-7.87096e-09	-8.80794e-10	5.05957e-12	2.99579e-13	-9.42808e-16	-3.58709e-17	1.05722e-19	1.4495e-21	-4.65334e-24	
0.133752	0.000489351	-2.57175e-06	-1.16377e-08	1.09976e-09	1.43439e-12	-1.08354e-13	-2.0168e-16	-2.87283e-18	-4.21412e-21	5.37377e-22	1.21801e-24	
0.0991108	3.05553e-05	-4.0476e-06	-3.98156e-08	4.87894e-10	1.57774e-11	7.80012e-15	-2.68394e-15	-7.57193e-18	2.13986e-19	4.36735e-22	-6.52727e-24	
0.101802	-2.35821e-05	-3.00982e-06	2.45732e-08	1.51189e-10	-9.14741e-12	6.65201e-14	1.36841e-15	-1.23194e-17	-7.99088e-20	5.91986e-22	1.31462e-24	
0.0785338	1.5603e-05	-2.54659e-06	-2.44487e-08	3.13292e-10	8.58482e-12	1.21403e-14	-1.03532e-15	-4.66067e-18	3.60038e-20	2.32473e-22	5.42915e-25	
0.578538	-0.00924472	1.8266e-05	3.58787e-07	0	0	0	0	0	0	0	0	

0.149169	-0.000623181	5.38813e-06	1.09682e-08	-3.63621e-09	4.31187e-12	1.05093e-12	-2.66403e-15	-1.21022e-16	3.92975e-19	4.64024e-21	-1.66906e-23	
0.149538	0.000581917	2.32892e-07	1.17068e-08	-5.21072e-10	-1.15058e-11	3.86765e-13	3.43718e-15	-5.97858e-17	-4.02322e-19	2.60715e-21	1.53702e-23	
0.17291	-0.000734403	8.74628e-07	4.42137e-08	-5.84329e-10	4.66423e-12	6.32729e-13	-5.76878e-15	-9.9766e-17	8.45416e-19	4.25746e-21	-3.42516e-23	
0.171679	0.000708426	2.94709e-06	-1.25915e-07	-5.81279e-10	6.18676e-11	4.01832e-13	-1.05686e-14	-6.34797e-17	7.05825e-19	2.72564e-21	-1.57629e-23	
0.112138	-3.74001e-06	-7.71038e-07	1.05704e-08	-5.11997e-10	-5.5831e-12	1.61362e-13	9.27133e-16	-2.1321e-17	-6.71199e-20	9.16851e-22	1.82442e-24	
0.124538	6.79335e-05	-7.87144e-07	-1.14243e-07	8.98726e-10	5.26381e-11	-9.33249e-14	-9.71181e-15	-5.30924e-18	7.62831e-19	5.64801e-22	-2.12726e-23	
0.0982334	-2.3387e-05	3.86989e-06	2.10535e-08	-3.4714e-09	-8.39514e-12	1.26044e-12	1.88015e-15	-1.74881e-16	-2.08867e-19	7.88437e-21	8.4249e-24	
-6.77253	0.31514		-0.00460293	2.19152e-05	0	0	0	0	0	0	0	0	

