0.0978234 0.00223885 -2.59807e-05 
0.217794 -0.00143009 -7.44289e-07 
0.289019 -0.00279097 8.87751e-06 
-0.0302087 0.00573664 -5.14914e-05 
0.0695613 0.00333207 -3.83181e-05 
-0.143634 0.0122812 -0.000112965 
0.23813 -0.00117694 -7.35212e-06 
0.528676 -0.00919609 5.31216e-05 
0.186881 -0.000627421 -5.61961e-06 
0.115612 0.00225649 -2.9384e-05 
0.25323 -0.00299404 1.46266e-05 
0.311812 -0.00402004 2.20092e-05 
0.0363937 0.003785 -3.69701e-05 
0.167926 -5.33724e-05 -9.73796e-06 
0.152998 0.000722759 -1.92765e-05 
0.252651 -0.00127761 -8.92396e-06 
0.173041 0.000523365 -1.73563e-05 
0.0266969 0.00403173 -3.75434e-05 
0.264143 -0.00294735 1.38933e-05 
0.327141 -0.00514618 3.13767e-05 
0.463423 -0.00989719 6.90852e-05 
0.634639 -0.0142471 0.000103375 
0.0274263 0.00435337 -3.99134e-05 
0.0896745 0.00234252 -2.46209e-05 
0.384513 -0.00640941 3.7055e-05 
0.0676685 0.00360679 -3.62894e-05 
0.271172 -0.00309549 1.64868e-05 
0.124531 0.000345318 -6.08121e-06 
0.14489 0.00116362 -1.94834e-05 
0.201826 -0.000956227 -2.20092e-06 
0.15343 0.00152846 -2.84875e-05 
-0.0681495 0.00785627 -7.10752e-05 
0.0987984 0.00213177 -2.89151e-05 
-0.0408604 0.00599131 -5.30947e-05 
0.121513 0.00145065 -2.20839e-05 
0.296677 -0.00387155 2.02843e-05 
0.400846 -0.00702351 4.16296e-05 
0.142092 0.000767151 -1.67535e-05 
0.0368568 0.00376107 -3.39961e-05 
0.07401 0.00238601 -2.63623e-05 
0.141357 0.000750161 -1.59957e-05 
0.171194 -1.57039e-05 -1.23926e-05 
0.281385 -0.00368873 1.90631e-05 
-0.118203 0.00799432 -6.6644e-05 
0.104222 0.00172314 -2.29576e-05 
-0.118128 0.00857963 -7.39528e-05 
-0.31141 0.0145785 -0.000120889 
0.186113 -0.000479492 -6.23101e-06 
0.335969 -0.00449696 2.06489e-05 
0.245218 -0.00245998 8.82045e-06 
0.156753 -0.000227185 -1.60558e-06 
0.115381 0.00183743 -2.1334e-05 
0.297255 -0.00412225 2.32715e-05 
0.101176 0.00196056 -2.25933e-05 
0.423024 -0.00733991 4.27268e-05 
0.202107 -0.000893689 -4.36644e-06 
0.359778 -0.00536922 3.0577e-05 
0.159186 0.00120966 -2.03621e-05 
0.260493 -0.00269545 1.22306e-05 
0.0959484 0.00292309 -3.27575e-05 
-0.198171 0.0127543 -0.000111104 
0.613176 -0.0121473 7.6032e-05 
0.14541 0.00146217 -2.01866e-05 
0.0757825 0.00375493 -4.02193e-05 
0.240573 -0.00137916 -1.90854e-06 
0.0709522 0.00390464 -3.99979e-05 
-0.079236 0.00971644 -8.95362e-05 
0.024123 0.00603958 -6.23448e-05 
0.195328 -0.000361078 -9.80107e-06 
0.389631 -0.00615467 3.53597e-05 
0.102971 0.00244667 -2.73389e-05 
0.35819 -0.00525433 2.6907e-05 
0.362957 -0.0051961 2.5158e-05 
0.503234 -0.00963655 6.14211e-05 
0.541215 -0.00975994 5.44314e-05 
0.458728 -0.00743241 3.90754e-05 
0.169573 0.000406413 -1.78624e-05 
0.382858 -0.00671414 4.2e-05 
0.378773 -0.0061579 3.41997e-05 
0.258407 -0.00271139 9.71942e-06 
0.263572 -0.00284043 1.04129e-05 
0.305421 -0.00410774 2.00541e-05 
0.00985901 0.0055314 -5.38886e-05 
0.1093 0.00162671 -1.98099e-05 
0.0416583 0.00402401 -4.22649e-05 
0.288174 -0.00318995 1.14436e-05 
0.231438 -0.00163932 1.78995e-06 
0.182043 -0.000455384 -6.71467e-06 
0.128721 0.00155776 -2.53723e-05 
0.490867 -0.00936576 5.68594e-05 
0.0161888 0.00441217 -4.02645e-05 
0.183716 -0.000143225 -7.89193e-06 
-0.168571 0.00956465 -7.56476e-05 
0.35002 -0.00510092 2.48377e-05 
0.288551 -0.0027722 4.42797e-06 
0.394054 -0.00633527 3.33905e-05 
