0.132984 -0.0006025 -3.92685e-06 2.43484e-08 2.28703e-10 0.137249 0.000667629 -3.95904e-06 -3.68485e-08 2.73673e-10 0.103127 1.40748e-05 -7.30516e-06 -5.38854e-09 5.16841e-10 
0.145615 -0.000697971 -4.6512e-06 3.38172e-08 2.30464e-10 0.126495 0.000670265 -1.35121e-06 -3.25277e-08 -8.94813e-12 0.0979594 7.22688e-05 -5.46288e-06 -5.46651e-09 3.34448e-10 
0.128713 -0.000648235 -2.44654e-06 3.42373e-08 9.45367e-11 0.128408 0.000647712 -1.60124e-06 -2.94039e-08 -1.76863e-11 0.0940223 -1.19042e-05 -4.8447e-06 3.83611e-09 2.78672e-10 
0.125218 -0.000632783 -3.06709e-06 2.93966e-08 1.72349e-10 0.131315 0.00057242 -3.44152e-06 -2.32293e-08 1.62292e-10 0.0954379 -3.82044e-05 -5.88952e-06 3.89614e-09 3.90506e-10 
0.122336 -0.000689937 -2.90485e-06 3.89227e-08 2.04355e-10 0.121132 0.000587798 -1.73799e-06 -2.59802e-08 3.36374e-12 0.089746 -5.22469e-05 -5.20671e-06 8.7839e-09 3.41367e-10 
0.137044 -0.000628655 -4.68133e-06 3.22212e-08 3.18403e-10 0.138886 0.000611095 -3.74844e-06 -2.31382e-08 1.58171e-10 0.102556 -4.68091e-05 -6.54766e-06 9.9672e-09 4.22135e-10 
0.115701 -0.000647927 -3.08733e-06 3.67502e-08 2.18383e-10 0.128277 0.000677618 -4.03364e-06 -3.3555e-08 2.29201e-10 0.0884259 -4.46092e-05 -6.13228e-06 6.30375e-09 4.55303e-10 
0.125853 -0.000646362 -3.61421e-06 3.3177e-08 2.43192e-10 0.126902 0.00060937 -2.89619e-06 -2.6079e-08 1.32763e-10 0.0935992 -3.15097e-05 -6.28333e-06 5.33128e-09 4.33872e-10 
0.128985 -0.000658577 -5.61348e-06 4.10568e-08 4.73851e-10 0.121346 0.000700457 -2.54153e-06 -4.55473e-08 2.01203e-10 0.0934156 1.75646e-05 -6.56229e-06 -9.15727e-10 5.69696e-10 
0.133572 -0.000738373 -3.75524e-06 3.82823e-08 2.90922e-10 0.136266 0.000734383 -3.36182e-06 -3.83741e-08 1.5892e-10 0.10071 -3.99066e-05 -7.58645e-06 5.16189e-09 5.82864e-10 
0.125786 -0.00061766 -3.39481e-06 3.1846e-08 1.65587e-10 0.126989 0.000621424 -3.80334e-06 -3.25665e-08 1.62715e-10 0.0958008 -1.9679e-06 -6.46114e-06 1.72545e-09 4.17487e-10 
0.12805 -0.000626778 -3.5095e-06 3.22728e-08 2.2594e-10 0.122535 0.000665456 -2.82361e-06 -3.13581e-08 1.4578e-10 0.0937297 3.83098e-05 -6.70439e-06 -7.0688e-10 4.81676e-10 
0.134684 -0.000719665 -4.99008e-06 4.79567e-08 3.75496e-10 0.13742 0.000661925 -5.80268e-06 -4.45693e-08 4.37532e-10 0.104042 -3.59797e-05 -8.28695e-06 3.52624e-09 6.97026e-10 
0.12754 -0.000626123 -3.88067e-06 2.94075e-08 2.38827e-10 0.128282 0.000665555 -3.90934e-06 -3.55407e-08 2.65966e-10 0.0960978 3.45234e-05 -7.51907e-06 -5.61666e-09 6.05519e-10 
0.127323 -0.000661621 -4.81992e-06 3.32324e-08 3.05349e-10 0.126141 0.000700117 -2.72336e-06 -4.15025e-08 1.2507e-10 0.0945541 -1.47073e-05 -6.65342e-06 -9.92663e-10 4.61655e-10 
0.133178 -0.000649875 -3.05004e-06 3.41942e-08 1.19956e-10 0.125321 0.000630921 -2.96262e-06 -3.15252e-08 1.55936e-10 0.0948794 4.27346e-05 -5.87409e-06 -3.23645e-09 3.98308e-10 
0.133905 -0.000622021 -4.69966e-06 3.32974e-08 2.84242e-10 0.131672 0.000658154 -4.28517e-06 -3.38322e-08 2.36075e-10 0.102085 1.4797e-05 -7.8432e-06 7.24615e-10 5.47513e-10 
0.136552 -0.000501147 -4.779e-06 2.27271e-08 3.19975e-10 0.132251 0.000690067 -4.0121e-06 -4.18306e-08 2.68438e-10 0.0992237 8.66065e-05 -6.53468e-06 -8.96257e-09 5.11599e-10 
0.12547 -0.000554639 -3.77069e-06 2.97026e-08 2.05593e-10 0.126835 0.000594912 -4.7707e-06 -3.19732e-08 3.29922e-10 0.0930719 2.70667e-05 -6.04416e-06 -2.42251e-09 4.31417e-10 
0.127422 -0.000586553 -4.26415e-06 2.95297e-08 2.78579e-10 0.120553 0.000651713 -3.74853e-06 -3.66294e-08 3.08211e-10 0.0921098 4.83762e-05 -6.68832e-06 -6.52255e-09 5.42704e-10 
0.126112 -0.000736099 -2.38882e-06 4.36987e-08 6.00149e-11 0.127313 0.000714552 -3.60872e-06 -4.13603e-08 2.09307e-10 0.0953617 2.90752e-06 -6.97288e-06 -1.39407e-09 4.94615e-10 
0.129711 -0.000729759 -4.13818e-06 5.30954e-08 3.93857e-10 0.127687 0.000668261 -3.87232e-06 -3.37778e-08 2.51352e-10 0.093445 -7.82727e-06 -6.48382e-06 9.45701e-09 5.65506e-10 
0.126349 -0.000620422 -2.04034e-06 3.22165e-08 1.11498e-10 0.118785 0.00065911 -2.71796e-06 -4.25692e-08 2.24404e-10 0.0913374 6.46845e-05 -5.97137e-06 -7.5023e-09 4.98654e-10 
0.127638 -0.000645798 -3.64632e-06 3.28666e-08 2.22589e-10 0.122849 0.000641538 -4.33038e-06 -3.20673e-08 3.29116e-10 0.0938214 4.72865e-05 -7.54587e-06 -4.81987e-09 5.77782e-10 
0.139326 -0.00079356 -4.87507e-06 5.24987e-08 3.87834e-10 0.124355 0.000686854 -4.98617e-06 -4.08086e-08 3.90405e-10 0.0969904 6.37598e-05 -8.01067e-06 -5.68224e-10 6.95312e-10 
0.133368 -0.000564465 -4.71489e-06 3.04186e-08 3.06043e-10 0.125575 0.000614375 -3.90985e-06 -3.18354e-08 2.31657e-10 0.0951925 8.07594e-05 -6.06024e-06 -6.2435e-09 4.30703e-10 
0.130585 -0.000686654 -3.69532e-06 4.35065e-08 2.29319e-10 0.127245 0.000619942 -5.40182e-06 -3.83083e-08 3.48893e-10 0.095946 2.57003e-06 -6.95762e-06 2.57231e-09 5.38373e-10 
0.129403 -0.000610039 -5.23826e-06 3.45217e-08 3.16603e-10 0.123682 0.000665246 -3.88535e-06 -4.25369e-08 3.503e-10 0.0937074 2.38234e-05 -6.81226e-06 -7.20115e-09 5.54171e-10 
0.126454 -0.00072821 -3.50388e-06 3.89116e-08 2.46421e-10 0.13461 0.000710119 -3.68266e-06 -4.25405e-08 2.23506e-10 0.0979758 -7.38771e-05 -7.29588e-06 2.93832e-09 5.72302e-10 
0.13154 -0.000727782 -3.46075e-06 3.93869e-08 2.10949e-10 0.141083 0.000693864 -4.93106e-06 -3.53016e-08 2.96693e-10 0.100061 -5.3089e-05 -7.30693e-06 5.92374e-09 5.49876e-10 
0.135274 -0.00074227 -3.82415e-06 4.12476e-08 2.24969e-10 0.13685 0.000707424 -4.28093e-06 -3.69797e-08 2.67335e-10 0.0997155 4.80421e-06 -7.232e-06 -1.7728e-10 5.29777e-10 
0.125181 -0.000570238 -4.01099e-06 2.80762e-08 2.43953e-10 0.12893 0.000676569 -3.82525e-06 -3.56585e-08 2.51616e-10 0.0944105 -2.75833e-06 -6.74642e-06 -1.73683e-09 5.14665e-10 
0.125012 -0.000645955 -3.36385e-06 3.47429e-08 2.29663e-10 0.123547 0.000633029 -4.94455e-06 -3.88443e-08 4.50338e-10 0.0928931 1.86064e-05 -7.12829e-06 -5.29571e-09 6.19966e-10 
0.131599 -0.000544341 -4.26226e-06 2.76638e-08 3.05823e-10 0.123219 0.000660244 -4.60158e-06 -3.80826e-08 3.8403e-10 0.0940137 0.000110908 -7.042e-06 -1.20116e-08 6.1095e-10 
0.129816 -0.000577148 -3.90022e-06 3.08322e-08 2.2392e-10 0.131954 0.000678157 -6.4771e-06 -4.73553e-08 5.21337e-10 0.0999549 6.00367e-05 -8.11903e-06 -9.75249e-09 6.6669e-10 
0.132182 -0.000560002 -4.60891e-06 2.70547e-08 2.89051e-10 0.129467 0.000651778 -1.93104e-06 -4.2839e-08 1.30554e-10 0.0967208 1.78795e-05 -5.82924e-06 -8.20189e-09 4.62754e-10 
0.127472 -0.000707184 -2.65604e-06 3.92444e-08 2.08774e-10 0.138558 0.000667339 -5.2825e-06 -3.77258e-08 3.45907e-10 0.0987805 -6.31679e-05 -6.73269e-06 6.31546e-09 5.18897e-10 
0.128975 -0.000687544 -4.32606e-06 3.71813e-08 2.7692e-10 0.118335 0.00056453 -2.18445e-06 -3.07976e-08 1.2521e-10 0.0910233 -4.30374e-06 -5.7745e-06 -2.09629e-09 4.30577e-10 
0.128501 -0.000710245 -2.39383e-06 3.79864e-08 1.32046e-10 0.127955 0.000770076 -3.94934e-06 -4.4721e-08 2.8738e-10 0.0953166 4.74681e-05 -6.93534e-06 -5.68477e-09 5.19093e-10 
0.118118 -0.000673572 -2.1216e-06 3.60385e-08 1.35617e-10 0.131417 0.000658912 -5.1791e-06 -3.40217e-08 3.73484e-10 0.0936499 -3.23651e-05 -7.17041e-06 2.12336e-09 5.77655e-10 
0.128075 -0.000580045 -4.5065e-06 2.92138e-08 3.08641e-10 0.130788 0.000621006 -4.02546e-06 -3.79915e-08 2.94451e-10 0.0992084 -2.17507e-05 -7.52682e-06 -1.60403e-10 6.09698e-10 
0.134253 -0.000585961 -4.89099e-06 3.02028e-08 3.27556e-10 0.118217 0.000570755 -4.09625e-06 -2.52872e-08 2.83029e-10 0.0936178 7.18107e-05 -7.10669e-06 -3.14988e-09 5.47315e-10 
0.130353 -0.000618603 -4.5156e-06 3.10097e-08 2.94229e-10 0.127949 0.000672657 -4.40542e-06 -3.82975e-08 3.341e-10 0.0946731 4.0143e-05 -6.71244e-06 -6.79767e-09 5.20982e-10 
0.125547 -0.000594652 -2.92467e-06 3.00095e-08 1.82208e-10 0.121942 0.000611645 -2.69295e-06 -3.16528e-08 1.30649e-10 0.0925714 9.7807e-06 -5.88735e-06 1.85287e-09 4.29958e-10 
0.119922 -0.000632527 -2.39602e-06 3.33302e-08 1.9861e-10 0.125007 0.000659694 -5.07959e-06 -3.91163e-08 3.8237e-10 0.0898906 1.60873e-05 -6.40839e-06 -1.61535e-09 5.28252e-10 
0.127238 -0.000695131 -3.35026e-06 3.75874e-08 2.1668e-10 0.124463 0.00061538 -3.8188e-06 -2.84618e-08 2.53756e-10 0.0939503 -2.11253e-06 -7.19478e-06 1.33106e-09 5.30023e-10 
0.1387 -0.000667784 -3.71634e-06 3.26156e-08 2.17702e-10 0.132635 0.000669974 -3.86856e-06 -3.66725e-08 2.15377e-10 0.105335 3.71229e-05 -7.80909e-06 -3.35002e-09 5.44018e-10 
0.129718 -0.000670535 -3.73366e-06 3.0907e-08 2.05393e-10 0.137013 0.000735425 -3.76647e-06 -4.00867e-08 2.57044e-10 0.0988901 4.68774e-06 -7.18762e-06 -8.29335e-09 5.32429e-10 
0.132843 -0.00075949 -4.10406e-06 4.33727e-08 3.53143e-10 0.136844 0.000726759 -4.23566e-06 -4.21688e-08 2.76399e-10 0.10118 -1.53372e-05 -7.58373e-06 3.4349e-09 6.0538e-10 
0.12759 -0.000670212 -4.71573e-06 3.85928e-08 3.1191e-10 0.117603 0.00065581 -4.83768e-06 -4.17585e-08 4.02026e-10 0.0918467 8.5436e-05 -7.54415e-06 -1.02014e-08 6.27844e-10 
0.120314 -0.000630589 -2.99452e-06 3.22845e-08 1.58076e-10 0.12403 0.000721671 -3.55899e-06 -4.48392e-08 2.19449e-10 0.0913408 2.08691e-05 -6.77758e-06 -3.77112e-09 4.94487e-10 
0.12141 -0.000530298 -2.05567e-06 2.30105e-08 1.62794e-10 0.130796 0.000720262 -2.89364e-06 -3.7646e-08 1.71736e-10 0.0928875 4.12872e-05 -5.25158e-06 -2.93906e-09 4.10664e-10 
0.124999 -0.000646021 -3.16055e-06 3.10485e-08 1.88678e-10 0.136579 0.000743389 -6.07998e-06 -4.87965e-08 4.92918e-10 0.0972524 -5.77616e-06 -7.68855e-06 -4.85794e-09 6.09903e-10 
0.118042 -0.000619748 -2.802e-06 3.12243e-08 1.46664e-10 0.126154 0.000643094 -3.89056e-06 -3.7043e-08 2.19289e-10 0.0902816 -1.01343e-05 -5.96484e-06 -4.02439e-09 4.19127e-10 
0.134422 -0.00068105 -4.70835e-06 3.85995e-08 2.67822e-10 0.138005 0.000703265 -5.6783e-06 -4.56267e-08 3.69998e-10 0.10254 1.54763e-05 -8.0685e-06 -4.56327e-09 5.92888e-10 
0.121741 -0.000564114 -3.31656e-06 2.8896e-08 1.75097e-10 0.125304 0.000643233 -3.78201e-06 -3.36458e-08 2.01832e-10 0.0908182 -1.6786e-05 -5.46088e-06 3.17711e-09 3.64444e-10 
0.121267 -0.000672669 -3.32075e-06 4.14864e-08 2.51091e-10 0.129346 0.000762566 -3.86455e-06 -5.11056e-08 3.22782e-10 0.0940965 -3.58001e-05 -6.98117e-06 9.53879e-10 6.0888e-10 
0.119817 -0.000590418 -2.8212e-06 2.51993e-08 1.87782e-10 0.135379 0.000681015 -3.7013e-06 -3.52582e-08 2.14887e-10 0.09364 -4.8796e-05 -5.70201e-06 2.14208e-10 3.99374e-10 
0.126457 -0.000713807 -3.76067e-06 4.22639e-08 2.29492e-10 0.138803 0.00067477 -4.5786e-06 -4.00171e-08 2.74167e-10 0.0983396 -6.66178e-05 -6.78158e-06 3.68796e-09 5.0375e-10 
0.128811 -0.000670975 -3.70311e-06 3.55806e-08 2.14244e-10 0.129057 0.000649647 -2.66782e-06 -3.42415e-08 1.34146e-10 0.0961499 -3.41761e-05 -6.34662e-06 2.04834e-09 4.39983e-10 
0.128249 -0.00067441 -4.03285e-06 3.66526e-08 2.43201e-10 0.122793 0.000657788 -4.21798e-06 -3.54105e-08 2.92181e-10 0.0943268 2.64741e-05 -7.24282e-06 -2.12492e-09 5.21024e-10 
0.118828 -0.000596111 -4.09353e-06 2.8416e-08 2.7266e-10 0.12784 0.000577476 -3.96729e-06 -2.85425e-08 2.4883e-10 0.0905743 -5.3358e-05 -6.11093e-06 3.94126e-09 4.45484e-10 
0.133743 -0.000654336 -6.45746e-06 3.42959e-08 4.56312e-10 0.121351 0.00066647 -5.07188e-06 -4.32078e-08 3.95898e-10 0.0954932 9.42106e-05 -7.96771e-06 -1.19048e-08 6.28842e-10 
0.122187 -0.000632639 -4.02175e-06 2.93151e-08 2.71566e-10 0.128045 0.00071161 -3.63372e-06 -3.85387e-08 2.039e-10 0.0925414 -1.8436e-05 -6.82083e-06 6.91661e-10 4.82571e-10 
0.118168 -0.000657127 -2.96748e-06 3.3652e-08 1.77577e-10 0.127723 0.000661305 -3.15972e-06 -3.55803e-08 1.64542e-10 0.0894556 -7.37449e-05 -5.32291e-06 4.29121e-09 3.56215e-10 
0.123746 -0.000628839 -2.76732e-06 2.72611e-08 1.40382e-10 0.13153 0.000719415 -4.54107e-06 -3.48189e-08 2.86795e-10 0.0942416 1.50873e-06 -6.6608e-06 -1.95808e-09 4.46236e-10 
0.119832 -0.000671294 -3.04125e-06 3.97287e-08 2.40083e-10 0.123457 0.000626474 -3.87551e-06 -2.89596e-08 2.36586e-10 0.0907329 -1.41452e-05 -6.60414e-06 6.12705e-09 5.02613e-10 
0.128586 -0.000593339 -4.15243e-06 2.61825e-08 2.12864e-10 0.127225 0.00065042 -5.07153e-06 -3.45419e-08 3.32535e-10 0.094751 4.53356e-05 -7.12596e-06 -6.4726e-09 4.83848e-10 
0.124847 -0.000680701 -4.31932e-06 3.72981e-08 3.02857e-10 0.127307 0.000638697 -2.83136e-06 -3.28913e-08 9.06348e-11 0.0927826 -7.52332e-05 -6.18596e-06 9.92835e-09 4.21516e-10 
0.118893 -0.000659573 -3.32395e-06 3.33432e-08 2.1783e-10 0.138967 0.000694968 -4.77973e-06 -3.10155e-08 2.64375e-10 0.0939345 -8.88317e-05 -6.74153e-06 8.06356e-09 4.51301e-10 
0.122518 -0.000616436 -3.9789e-06 3.31971e-08 2.3521e-10 0.126366 0.000653629 -4.65047e-06 -3.67042e-08 2.81745e-10 0.0938366 -6.46149e-06 -7.3266e-06 9.30707e-10 5.24958e-10 
0.134337 -0.00070094 -6.24211e-06 3.79421e-08 4.86091e-10 0.132232 0.000622476 -3.01257e-06 -2.78764e-08 1.30879e-10 0.0960107 -7.44961e-05 -6.19001e-06 1.04295e-08 4.28388e-10 
0.123088 -0.0005627 -4.23862e-06 2.81075e-08 2.64926e-10 0.123257 0.000632021 -3.03291e-06 -3.29327e-08 1.37016e-10 0.0936391 1.30725e-05 -6.81747e-06 -1.28005e-09 5.03898e-10 
0.121115 -0.000582546 -3.42194e-06 2.98844e-08 2.19631e-10 0.123251 0.000532306 -3.10423e-06 -2.43446e-08 1.1214e-10 0.0899096 -4.11941e-05 -5.36902e-06 6.27899e-09 3.57933e-10 
0.127743 -0.000732249 -4.09122e-06 4.22575e-08 2.56138e-10 0.125991 0.000652733 -2.36483e-06 -3.11694e-08 9.27718e-11 0.0946586 -4.45017e-05 -6.51687e-06 6.69977e-09 4.50496e-10 
0.120199 -0.000620425 -2.54976e-06 2.86679e-08 1.50575e-10 0.117442 0.000563441 -2.39288e-06 -2.46482e-08 1.07656e-10 0.0861439 -1.64184e-06 -4.81769e-06 1.17413e-09 3.15287e-10 
0.123466 -0.000746383 -3.28715e-06 4.4283e-08 2.14401e-10 0.123981 0.00068612 -3.21543e-06 -4.04025e-08 2.06911e-10 0.0913616 -2.96074e-05 -6.36798e-06 2.55828e-09 4.87915e-10 
0.125554 -0.00060926 -2.85856e-06 3.18404e-08 2.25333e-10 0.122068 0.000581846 -4.57352e-06 -3.49053e-08 3.79949e-10 0.0929248 1.92048e-05 -6.53559e-06 -1.10737e-09 6.02137e-10 
0.128259 -0.000707436 -3.89855e-06 4.26975e-08 2.5321e-10 0.127756 0.000591782 -3.73045e-06 -2.85932e-08 1.78021e-10 0.0950812 -3.61052e-05 -6.92759e-06 4.68384e-09 5.28886e-10 
0.123772 -0.000668273 -3.38494e-06 3.8448e-08 2.69844e-10 0.130358 0.000561456 -2.32641e-06 -2.29344e-08 4.35345e-11 0.0945235 -9.77258e-05 -6.0309e-06 1.29509e-08 4.58365e-10 
0.1278 -0.000572201 -2.87362e-06 2.48823e-08 1.18472e-10 0.134742 0.000653761 -4.37683e-06 -4.10374e-08 3.11679e-10 0.0974746 2.54126e-05 -6.24636e-06 -1.26155e-08 4.66329e-10 
0.126924 -0.000626646 -3.25175e-06 3.03383e-08 1.53495e-10 0.128217 0.000656044 -3.50798e-06 -3.36407e-08 1.2921e-10 0.0950902 -2.11876e-05 -6.4194e-06 5.23909e-09 4.14447e-10 
0.132108 -0.000707672 -5.08026e-06 4.3571e-08 3.79548e-10 0.131894 0.000675204 -2.54351e-06 -3.36375e-08 1.20077e-10 0.0988493 -3.60565e-05 -7.04719e-06 7.61509e-09 5.41879e-10 
0.137785 -0.000665826 -3.34647e-06 3.33952e-08 2.14974e-10 0.133767 0.000738257 -2.00986e-06 -3.08489e-08 7.71143e-11 0.100742 4.47298e-05 -6.14758e-06 1.28514e-09 4.10697e-10 
0.120967 -0.000693465 -1.96708e-06 3.22399e-08 6.86576e-11 0.123895 0.000680917 -2.09409e-06 -2.88944e-08 6.14137e-11 0.0900777 -1.22607e-05 -6.02449e-06 1.06498e-09 3.81311e-10 
0.12674 -0.000663467 -3.79995e-06 3.29473e-08 2.35192e-10 0.124032 0.00052368 -2.73695e-06 -1.62006e-08 1.22881e-10 0.0912206 -4.3434e-05 -5.26458e-06 6.76725e-09 3.25376e-10 
0.129117 -0.000622628 -2.96093e-06 3.2375e-08 1.21657e-10 0.125318 0.000598431 -2.73101e-06 -2.62417e-08 9.3136e-11 0.0949906 1.29344e-05 -5.81538e-06 1.51317e-09 3.50125e-10 
0.131866 -0.000671197 -3.57688e-06 3.24266e-08 1.93079e-10 0.132964 0.000657107 -3.10665e-06 -2.67019e-08 9.85581e-11 0.0964572 -2.0939e-05 -6.13052e-06 6.1876e-09 3.84479e-10 
0.121339 -0.000612088 -9.26554e-07 3.50734e-08 8.06331e-11 0.119406 0.000560028 -3.243e-07 -2.84297e-08 5.49502e-12 0.0885476 -1.94783e-06 -4.34032e-06 1.936e-09 3.91703e-10 
0.123542 -0.000572181 -1.71596e-06 3.14183e-08 5.7612e-11 0.129359 0.000712367 -2.56887e-06 -4.55665e-08 1.19065e-10 0.0943829 1.25954e-05 -5.65916e-06 -1.75633e-09 4.11047e-10 
0.123322 -0.000690482 -7.13432e-07 4.08581e-08 4.47871e-11 0.129862 0.000678811 -1.30641e-06 -3.84938e-08 6.52786e-11 0.0950231 -3.10562e-05 -5.32006e-06 3.59646e-09 4.3569e-10 
0.128239 -0.000695164 -2.73674e-06 4.74876e-08 2.89245e-10 0.1221 0.000616137 -1.44606e-06 -3.30152e-08 9.60544e-11 0.0934186 -7.2323e-06 -5.50743e-06 6.20348e-09 5.00825e-10 
0.123907 -0.000612164 -9.77191e-07 3.09008e-08 4.65583e-11 0.122693 0.00061085 -1.94988e-06 -3.69835e-08 1.90677e-10 0.0910683 7.55842e-06 -4.86134e-06 -4.24288e-09 4.42197e-10 
0.129218 -0.000663354 -2.28479e-06 3.4488e-08 1.40024e-10 0.131354 0.000718853 -1.72837e-06 -3.76107e-08 1.03521e-10 0.0967407 -8.44158e-06 -6.21539e-06 -5.03999e-11 4.85409e-10 
0.125986 -0.00063711 -2.22391e-06 3.60468e-08 1.77823e-10 0.126048 0.000583148 -2.09181e-06 -3.43814e-08 1.4763e-10 0.0938771 -3.80827e-05 -5.28284e-06 3.27584e-09 4.29513e-10 
0.131966 -0.000749505 -2.88292e-06 4.55695e-08 1.68318e-10 0.138653 0.000667523 -4.05275e-06 -4.25859e-08 3.58542e-10 0.104288 -7.17666e-05 -7.36953e-06 2.83331e-10 6.06506e-10 
0.123768 -0.000618271 -1.63628e-06 3.30689e-08 1.13506e-10 0.11891 0.000551863 -1.76657e-06 -2.89883e-08 1.11359e-10 0.0900354 -7.77798e-06 -5.10315e-06 2.07504e-09 4.02721e-10 
0.117563 -0.000707134 -6.62518e-07 4.30003e-08 6.53932e-11 0.1216 0.000674622 -1.77427e-06 -3.72605e-08 1.44577e-10 0.0880452 -1.38198e-05 -5.35434e-06 9.52655e-10 4.80206e-10 
0.127003 -0.000606043 -2.16262e-06 3.54596e-08 1.78263e-10 0.121379 0.000605432 -2.28956e-06 -3.72415e-08 2.38387e-10 0.0915794 3.47723e-05 -4.94469e-06 -4.21957e-09 4.59181e-10 
0.117918 -0.000608926 -9.72295e-07 3.53392e-08 9.6127e-11 0.120631 0.000608394 -1.92641e-06 -3.81788e-08 1.789e-10 0.0888956 4.4201e-06 -5.0945e-06 -2.08001e-09 4.60635e-10 
0.124656 -0.000621287 -2.71653e-06 3.79367e-08 2.78039e-10 0.115526 0.000608439 -4.16771e-07 -3.99475e-08 9.81198e-11 0.0882314 1.99573e-06 -4.65174e-06 -1.23456e-09 4.87494e-10 
0.134515 -0.000623176 -5.23055e-06 3.33807e-08 4.33641e-10 0.141429 0.000611552 -5.52098e-06 -2.86225e-08 4.12995e-10 0.105738 -3.95918e-05 -8.59755e-06 4.83747e-09 6.84519e-10 
0.133139 -0.000649594 -3.16175e-06 3.79637e-08 2.38444e-10 0.127203 0.000673346 -4.43921e-07 -3.86588e-08 5.69083e-11 0.0946778 3.1861e-05 -4.78527e-06 -6.28138e-09 4.36276e-10 
0.12501 -0.000693626 -1.65844e-06 3.8741e-08 1.00073e-10 0.13764 0.000660361 -3.36902e-06 -3.99514e-08 2.29295e-10 0.0989257 -8.06256e-05 -6.49849e-06 3.90555e-09 5.3115e-10 
0.122093 -0.000592776 2.2712e-07 2.8104e-08 -1.23412e-11 0.129428 0.000661561 -2.70776e-06 -4.38972e-08 2.99789e-10 0.0929773 1.17131e-05 -5.16399e-06 -5.92276e-09 5.15552e-10 
0.129513 -0.000666813 -3.98213e-06 3.83293e-08 2.84335e-10 0.114575 0.000696098 -9.38686e-07 -4.03533e-08 4.72692e-11 0.0930256 6.2463e-05 -6.63582e-06 -4.72771e-09 5.2786e-10 
0.124727 -0.000594677 -3.05155e-06 2.83059e-08 2.50475e-10 0.118569 0.000659978 -6.8705e-07 -3.68081e-08 1.19048e-10 0.0913691 5.64028e-05 -5.70733e-06 -9.45452e-09 5.20086e-10 
0.13686 -0.000723247 -1.49709e-06 4.03489e-08 6.20665e-11 0.141817 0.000576993 -5.34893e-06 -3.2648e-08 4.27437e-10 0.111347 -2.28582e-05 -8.63665e-06 -1.9729e-09 7.20704e-10 
0.127906 -0.000613625 -2.18182e-06 3.32979e-08 1.36222e-10 0.116014 0.000630869 -7.9648e-07 -3.91831e-08 1.40047e-10 0.0906388 1.82823e-05 -5.66266e-06 -6.3655e-09 5.19429e-10 
0.134383 -0.000676685 -3.64455e-06 4.03386e-08 2.3807e-10 0.138534 0.000601585 -3.67375e-06 -3.67974e-08 2.06566e-10 0.110116 -4.87781e-05 -8.52922e-06 1.74686e-09 6.40334e-10 
0.119475 -0.000604699 -4.74353e-07 3.3251e-08 4.47428e-11 0.124572 0.00062569 -2.28948e-06 -3.3478e-08 1.56361e-10 0.0888865 -1.92563e-05 -4.12358e-06 3.3908e-09 3.48001e-10 
0.137565 -0.000697201 -3.32285e-06 3.95118e-08 1.89149e-10 0.130458 0.000627396 -3.1486e-06 -3.31405e-08 1.80165e-10 0.102973 2.09586e-05 -7.34763e-06 -1.11857e-09 5.65724e-10 
0.129864 -0.000623477 -1.75942e-06 2.89934e-08 1.26517e-10 0.133742 0.000628249 -3.01886e-06 -3.30646e-08 2.22851e-10 0.0977421 -1.50499e-05 -5.42176e-06 -6.28419e-11 4.25345e-10 
0.126366 -0.000743049 -4.58431e-07 3.90622e-08 3.169e-11 0.123979 0.000622463 -1.08108e-06 -3.72526e-08 3.64498e-11 0.092115 9.05216e-06 -4.72498e-06 -6.25081e-09 3.95293e-10 
0.126097 -0.000637384 -2.10132e-06 3.78481e-08 2.16263e-10 0.129685 0.000570014 -3.80257e-06 -3.7278e-08 3.36987e-10 0.0947383 -4.56328e-05 -5.56509e-06 2.11837e-09 5.40211e-10 
0.130193 -0.000656695 -3.58191e-06 4.31049e-08 2.61056e-10 0.124 0.000683087 -2.36156e-06 -4.09876e-08 1.50798e-10 0.0962772 5.19038e-05 -6.92588e-06 -2.92031e-09 5.78774e-10 
0.12104 -0.000589519 -1.32229e-06 3.16217e-08 9.21681e-11 0.129369 0.000532181 -2.01079e-06 -2.61967e-08 1.13395e-10 0.0922535 -6.04061e-05 -5.05643e-06 4.36791e-09 4.05938e-10 
0.119571 -0.000637146 -1.46446e-06 4.1601e-08 1.21954e-10 0.117248 0.000619527 -2.98604e-07 -3.33658e-08 -1.31616e-11 0.0892936 -2.05168e-05 -4.41143e-06 5.24479e-09 3.51009e-10 
0.122186 -0.000684672 -1.79957e-06 3.94079e-08 1.46606e-10 0.125894 0.000637648 -1.14579e-06 -3.65575e-08 8.68863e-11 0.0912443 -2.58566e-05 -4.92978e-06 -9.94633e-10 4.24378e-10 
0.121787 -0.000677987 -1.73715e-06 4.27535e-08 1.84674e-10 0.120667 0.000633749 -2.30796e-06 -4.35815e-08 2.51643e-10 0.0917686 7.31917e-06 -6.03345e-06 -4.28487e-09 5.84833e-10 
0.1294 -0.000691287 -2.88317e-06 5.1724e-08 3.56656e-10 0.128325 0.00059626 -2.30192e-06 -3.87209e-08 2.33173e-10 0.096767 -4.70689e-05 -5.8659e-06 8.59435e-09 6.07795e-10 
0.118989 -0.000685201 -2.78859e-07 3.84315e-08 1.31302e-11 0.124956 0.00061288 -2.2999e-06 -3.15977e-08 1.12794e-10 0.0915059 -8.71733e-05 -5.01236e-06 1.08254e-08 3.89009e-10 
0.137089 -0.000720071 -4.18596e-06 5.27644e-08 4.18056e-10 0.123881 0.000648727 1.14155e-08 -3.7997e-08 3.78108e-11 0.095578 3.17969e-05 -5.78673e-06 -3.87053e-10 6.21401e-10 
0.133854 -0.000713759 -3.8607e-06 5.40846e-08 3.62806e-10 0.126563 0.000639901 -3.03267e-06 -3.97558e-08 2.46716e-10 0.0990114 4.17177e-05 -7.04381e-06 1.60911e-10 6.52237e-10 
0.118917 -0.000576522 1.6648e-08 2.99361e-08 -4.63459e-11 0.123926 0.000573544 -1.51523e-06 -2.84989e-08 1.23778e-10 0.0900851 -2.39527e-05 -4.55507e-06 4.21585e-10 3.81136e-10 
0.132086 -0.000656612 -2.88857e-06 3.68942e-08 1.84236e-10 0.143711 0.000683202 -3.2893e-06 -4.63643e-08 2.17006e-10 0.104279 -6.15586e-05 -6.41909e-06 1.36549e-09 4.91934e-10 
0.128272 -0.000532112 -1.25685e-06 2.73669e-08 6.55139e-11 0.134676 0.000658557 -1.18299e-06 -3.95813e-08 3.36467e-11 0.0986132 3.32976e-05 -4.96945e-06 -5.35059e-09 3.87889e-10 
0.125858 -0.000709709 -1.70257e-06 4.38679e-08 1.3692e-10 0.113865 0.000597438 -1.2879e-07 -3.2289e-08 -1.83359e-11 0.0890592 9.27118e-06 -4.62914e-06 2.95021e-09 3.76342e-10 
0.123513 -0.000587405 -1.79092e-06 2.97596e-08 1.12358e-10 0.117354 0.000594589 -8.55574e-07 -3.4446e-08 6.15017e-11 0.0903323 4.44001e-05 -4.93143e-06 -6.09303e-09 4.05067e-10 
0.124529 -0.000627744 -1.25599e-06 3.06631e-08 1.41662e-10 0.13021 0.000565086 -2.91916e-06 -2.28411e-08 1.15774e-10 0.0945727 -0.000101075 -4.90562e-06 1.7595e-08 3.55267e-10 
0.129187 -0.000541297 -2.35209e-06 3.16987e-08 1.98973e-10 0.118796 0.000595801 -1.20974e-06 -3.43043e-08 8.77289e-11 0.093438 4.24074e-05 -5.75346e-06 -2.65318e-09 4.99433e-10 
0.117995 -0.000713547 -1.16367e-06 4.46924e-08 4.9639e-11 0.117442 0.000635936 -1.43073e-08 -3.55652e-08 -3.41843e-11 0.0890737 -2.46914e-05 -5.5841e-06 5.93756e-10 4.66161e-10 
0.122046 -0.000513626 -1.8231e-06 3.22429e-08 1.61166e-10 0.11745 0.000629113 -1.13095e-06 -3.72174e-08 1.20843e-10 0.0893333 8.97352e-05 -4.70569e-06 -7.77409e-09 4.382e-10 
0.119328 -0.000650719 -1.10815e-06 3.09619e-08 5.42058e-11 0.125355 0.000665263 -1.28677e-06 -4.33369e-08 6.04787e-11 0.0905759 -5.76974e-05 -5.04691e-06 -8.61859e-10 4.13782e-10 
0.122232 -0.000586154 -6.85688e-07 2.953e-08 3.45284e-11 0.119402 0.0006339 -4.49957e-07 -3.70767e-08 9.3227e-12 0.0900572 4.52898e-05 -4.59015e-06 -5.77793e-09 3.82316e-10 
0.125736 -0.000701135 -2.82339e-06 4.53098e-08 1.96047e-10 0.122412 0.000576231 -2.44669e-06 -3.34278e-08 1.51471e-10 0.0928395 -2.58188e-05 -6.2599e-06 2.64415e-09 5.08025e-10 
0.134166 -0.000649798 -3.0011e-06 3.30936e-08 2.31618e-10 0.132009 0.000589464 -2.11483e-06 -3.002e-08 2.21433e-10 0.0991444 -1.47483e-05 -6.29666e-06 -2.22048e-09 5.47468e-10 
0 0 0 0 0 0 0 0 0 0 0 0 0 0 0 
0.116117 -0.000521853 -1.44577e-06 2.63449e-08 8.92851e-11 0.116329 0.000518536 -1.09863e-06 -2.38204e-08 7.14857e-11 0.0863421 -3.01528e-05 -4.42783e-06 4.07189e-09 3.35438e-10 
0.124905 -0.000633963 -2.24339e-06 3.44471e-08 1.35336e-10 0.119525 0.000625277 -2.36272e-06 -3.99797e-08 1.90944e-10 0.0928696 1.89732e-05 -5.92729e-06 -4.08299e-09 4.78883e-10 
0.125222 -0.000597636 -2.40885e-06 4.06336e-08 2.45792e-10 0.123877 0.000578793 -1.43595e-06 -3.20868e-08 1.16638e-10 0.0932571 -1.41543e-05 -5.77728e-06 4.20505e-09 5.58871e-10 
0.13554 -0.000751258 -3.09338e-06 5.05432e-08 2.34808e-10 0.122942 0.000601032 -2.06794e-06 -3.09931e-08 1.33629e-10 0.0992757 2.46041e-05 -6.91234e-06 1.08107e-09 5.64721e-10 
0.12786 -0.000682155 -1.45953e-06 3.47692e-08 8.41144e-11 0.126384 0.000633457 -1.99499e-06 -3.65303e-08 1.34287e-10 0.0933774 -2.72946e-06 -5.36223e-06 -1.90608e-09 4.17855e-10 
0.137813 -0.000643587 -3.85608e-06 4.21152e-08 2.68101e-10 0.123737 0.00070577 -7.56105e-07 -4.31922e-08 4.74502e-11 0.0987739 8.90462e-05 -5.92833e-06 -8.26959e-09 4.90287e-10 
0.126199 -0.000571036 -2.80178e-06 3.04049e-08 1.96081e-10 0.125074 0.000598156 -2.21287e-06 -3.42482e-08 1.80509e-10 0.0931059 3.4956e-05 -5.55328e-06 -4.46634e-09 4.76598e-10 
0.130187 -0.000684391 -3.71227e-06 4.51107e-08 3.06911e-10 0.126148 0.00064044 -1.28841e-06 -3.62338e-08 5.69574e-11 0.0962117 -1.25782e-06 -5.8254e-06 2.76647e-09 4.84633e-10 
0.12356 -0.000629365 -2.3481e-06 3.52552e-08 1.70806e-10 0.12144 0.000653418 -1.21854e-06 -4.23834e-08 1.57051e-10 0.08953 1.72051e-05 -4.42663e-06 -6.04521e-09 4.16165e-10 
0.119789 -0.000626403 -1.96696e-06 4.02795e-08 1.74587e-10 0.119055 0.000701835 -8.84888e-07 -4.59983e-08 5.17362e-11 0.0884841 5.31984e-06 -4.75109e-06 1.44312e-09 4.28038e-10 
0.124051 -0.000624085 -1.72369e-06 2.89204e-08 1.18481e-10 0.122707 0.000678884 -1.25469e-06 -4.30885e-08 1.28913e-10 0.0904485 -6.43398e-06 -5.18691e-06 -3.26598e-09 4.50528e-10 
0.121908 -0.000718991 -2.55213e-06 4.24586e-08 1.62001e-10 0.131202 0.000606671 -2.33052e-06 -3.43181e-08 1.02162e-10 0.0969676 -0.000139192 -6.73121e-06 1.13587e-08 5.13516e-10 
0.123437 -0.000556481 -3.33511e-06 2.82955e-08 2.88883e-10 0.119834 0.000571737 -1.71533e-06 -3.06842e-08 1.3128e-10 0.0917613 3.59995e-06 -6.19301e-06 -1.96119e-09 5.6903e-10 
0.13232 -0.00072001 -2.44039e-06 4.68248e-08 2.09564e-10 0.125131 0.000670733 -2.26801e-06 -3.74603e-08 1.30322e-10 0.0953543 1.85471e-06 -5.50934e-06 7.05746e-09 4.85924e-10 
0.125329 -0.000606586 -1.73517e-06 3.15763e-08 1.57901e-10 0.130667 0.000630407 -3.95672e-06 -4.07143e-08 3.66758e-10 0.0945742 -2.08185e-05 -5.35347e-06 7.27407e-10 4.96377e-10 
0.128986 -0.000775728 -3.2592e-06 4.93564e-08 2.38541e-10 0.12847 0.000657145 -3.92069e-06 -3.845e-08 2.79553e-10 0.0972497 -2.06593e-05 -7.08336e-06 2.36507e-09 5.69518e-10 
0.122366 -0.000620963 -1.55505e-06 3.30662e-08 1.29064e-10 0.118599 0.000552151 -1.52778e-06 -2.74592e-08 1.85038e-10 0.0881543 -5.14944e-07 -4.09284e-06 -1.77899e-09 3.7588e-10 
0.124512 -0.000654963 -3.11279e-06 3.57743e-08 2.68205e-10 0.121693 0.000585474 -2.53672e-06 -3.53388e-08 1.76658e-10 0.0917576 2.2624e-06 -6.06033e-06 -1.34738e-09 4.92543e-10 
0.122959 -0.000594292 -2.57572e-06 3.3135e-08 2.28582e-10 0.119148 0.00052275 -1.50005e-06 -2.98022e-08 1.20925e-10 0.0919972 -4.29485e-05 -5.8511e-06 5.31689e-09 5.08027e-10 
0.128863 -0.000687519 -1.98281e-06 3.75753e-08 1.08156e-10 0.126078 0.000640897 -4.31269e-06 -3.9508e-08 3.43804e-10 0.095785 4.72604e-06 -6.79748e-06 -1.62623e-09 5.60066e-10 
0.13002 -0.000594294 -2.03958e-06 3.42386e-08 2.06704e-10 0.131927 0.000635709 -2.00238e-06 -3.63001e-08 1.65847e-10 0.0970087 9.64443e-06 -5.6952e-06 3.72859e-10 5.04064e-10 
0.130715 -0.000757733 -3.2251e-06 4.27499e-08 2.36512e-10 0.133415 0.000707603 -2.97068e-06 -4.34018e-08 1.92263e-10 0.0985776 -5.43467e-05 -6.72996e-06 4.34077e-09 5.39086e-10 
0.123979 -0.000519435 -2.5301e-06 2.87863e-08 2.32617e-10 0.126013 0.000561842 -3.01684e-06 -3.05188e-08 2.42899e-10 0.0912546 1.12669e-05 -5.16118e-06 1.46337e-09 4.83045e-10 
0.128919 -0.000693336 -3.03246e-06 4.39685e-08 2.3096e-10 0.133734 0.000663683 -2.75351e-06 -3.96803e-08 1.66741e-10 0.098678 -3.86828e-05 -6.2399e-06 4.03504e-09 5.08217e-10 
0.118009 -0.000553902 -1.95883e-06 2.93098e-08 1.22722e-10 0.120155 0.000606527 -2.51093e-06 -3.38781e-08 1.5702e-10 0.0880203 2.62445e-05 -5.00336e-06 -1.52744e-09 3.92218e-10 
0.125094 -0.000658552 -2.59732e-06 3.81132e-08 2.03661e-10 0.13519 0.000588464 -4.24387e-06 -3.69607e-08 3.25084e-10 0.0997573 -6.4576e-05 -6.93517e-06 2.52454e-09 5.96498e-10 
0.122328 -0.000589471 -2.64809e-06 3.44439e-08 3.16024e-10 0.128123 0.000478233 -2.52505e-06 -1.58852e-08 9.47974e-11 0.0933081 -0.000109966 -5.52354e-06 2.03143e-08 4.627e-10 
0.130542 -0.000682804 -2.03378e-06 3.17309e-08 1.94454e-10 0.122457 0.000594174 -1.02965e-06 -3.35593e-08 -5.9748e-12 0.0983165 -3.8827e-05 -6.46435e-06 4.5053e-09 5.45854e-10 
0.130296 -0.000633051 -2.98252e-06 3.95099e-08 2.66567e-10 0.126786 0.000527578 -8.43657e-07 -2.81212e-08 7.74714e-12 0.098 -4.69385e-05 -5.47168e-06 5.12097e-09 4.74348e-10 
0.12655 -0.000644258 -2.21738e-06 3.93984e-08 1.69837e-10 0.138262 0.000569503 -2.98818e-06 -2.6408e-08 1.45664e-10 0.102671 -0.00012485 -6.93637e-06 1.24875e-08 5.74781e-10 
0.123767 -0.00053633 -1.08616e-06 2.7075e-08 2.74183e-11 0.127638 0.000671748 -2.03311e-06 -4.45243e-08 2.23654e-10 0.0948312 4.2567e-05 -5.67714e-06 -6.7883e-09 5.44608e-10 
0.116442 -0.000579642 -9.16848e-07 3.06196e-08 1.22875e-10 0.120777 0.000633289 -9.17644e-07 -3.56635e-08 -7.3464e-12 0.0890371 -4.11967e-05 -5.0996e-06 6.736e-09 4.34164e-10 
0.127523 -0.000599537 -1.39859e-06 2.7756e-08 1.15434e-10 0.12482 0.000603983 -2.05474e-06 -3.50784e-08 1.44695e-10 0.0945967 4.19399e-05 -5.87662e-06 -4.81716e-09 4.96215e-10 
0.122108 -0.000678246 -2.69019e-06 4.09787e-08 1.94532e-10 0.133139 0.00060698 -2.46735e-06 -3.21098e-08 1.26348e-10 0.0980065 -0.000109059 -6.72973e-06 9.70744e-09 5.28483e-10 
0.127623 -0.000598619 -1.92665e-06 3.18978e-08 1.05804e-10 0.125616 0.000612554 -1.96835e-06 -3.01258e-08 1.32029e-10 0.0954546 2.45266e-05 -5.65287e-06 -3.88451e-10 4.34445e-10 
0.121018 -0.000686666 -2.29568e-06 4.56164e-08 1.33338e-10 0.136152 0.00063047 -3.2739e-06 -3.68826e-08 1.79243e-10 0.10072 -9.67422e-05 -7.7206e-06 7.90745e-09 5.89438e-10 
0.125655 -0.00065852 -8.6053e-07 3.25028e-08 4.06369e-11 0.132102 0.00068615 -2.07566e-06 -3.98343e-08 1.61336e-10 0.0957612 -5.19906e-08 -6.05488e-06 -4.27052e-09 5.22611e-10 
0.139423 -0.000716841 -5.8775e-06 5.48829e-08 6.1531e-10 0.127752 0.000644034 -1.91651e-06 -3.76468e-08 1.18423e-10 0.0991398 4.26622e-06 -6.92149e-06 8.83495e-09 6.76363e-10 
