0.787504  0.00464166  -0.000189957  2.62307e-07  2.64283e-08  -0.626091  -6.40301  21.5299  -7.28671e-12  -8.64865e-13  -1.98776e-15
-31.2425  -0.117965  0.00823886  -2.32117e-05  -1.14503e-06  25.6733  -6.72621  23.0297  1.671e-09  4.00769e-11  2.5304e-14

0.7503  0.00649724  -0.000137839  -3.75665e-07  1.94082e-08  -0.45478  -3.03363  18.627  6.23724e-11  -6.11941e-13  -4.28928e-15
-29.1606  -0.200325  0.00634999  4.42423e-06  -9.10301e-07  18.9152  -3.4016  20.5536  -1.21659e-09  3.22102e-11  1.16036e-13

0.655102  -0.0058359  -0.000125291  3.41664e-07  1.48746e-08  -0.483363  6.99766  21.0497  -8.24445e-11  -2.60733e-13  5.52255e-15
-24.8949  0.180073  0.00528987  -6.17343e-06  -6.61731e-07  18.7542  7.04157  22.2357  2.5559e-09  1.61113e-11  -1.93775e-13

1.06  -0.00433517  -0.00026023  -8.88758e-08  3.44768e-08  -0.741728  4.90305  24.4484  -3.61735e-11  -1.18362e-12  4.09606e-15
-47.2562  0.0776632  0.0128261  2.53897e-05  -1.66041e-06  36.6513  5.68454  27.2831  -9.33476e-10  5.97953e-11  -7.34366e-14

0.575766  0.0055293  -0.00011448  1.12936e-07  1.90139e-08  -0.381472  -3.50821  18.3608  -2.24995e-11  -6.77102e-13  3.35929e-17
-21.9943  -0.162607  0.00519248  -1.23714e-05  -8.60907e-07  15.5297  -3.87251  20.2413  1.85639e-09  3.3428e-11  -4.7772e-14

1.15918  0.00183231  -0.000253974  1.21079e-06  3.06007e-08  -0.786029  -5.85782  26.6225  -1.24744e-10  -9.41196e-13  2.90677e-15
-40.3643  -0.046894  0.00914168  -4.40057e-05  -1.1237e-06  28.3251  -6.13326  27.0132  4.44206e-09  3.60372e-11  -1.04781e-13

0.63844  -0.00635565  -0.000133411  3.06487e-07  1.93141e-08  -0.424529  2.98019  20.447  -5.46153e-11  -5.87613e-13  3.92672e-15
-25.0243  0.194318  0.00607487  -4.05202e-06  -8.91886e-07  17.8076  3.24383  22.5311  1.13344e-09  3.09222e-11  -1.04149e-13

0.663592  -0.00613238  -6.19049e-05  2.47526e-07  6.37976e-09  -0.279428  0.792195  17.6376  -1.56429e-11  6.19364e-14  8.60499e-16
-23.6515  0.20253  0.00297354  -7.60315e-06  -3.73268e-07  11.1206  1.14632  19.4353  4.90454e-10  5.77213e-12  -2.76548e-14

3.96726  -0.0387511  -0.000728668  -1.52447e-06  9.16806e-08  -0.0403695  19.9648  46.1446  1.57921e-09  8.92656e-12  -2.95444e-13
-414.279  8.36993  0.0862688  -0.00143521  -2.27264e-05  135.798  -3.89943  21.538  7.57898e-08  4.7413e-09  -3.0614e-11

-0.00172329  0.014798  6.81984e-05  5.34022e-07  -5.39308e-09  -0.0542448  13.4554  48.2291  -3.29795e-10  -2.82115e-12  3.71715e-14
-27.9895  0.202356  0.00342292  5.1909e-06  -5.34486e-07  193.338  -14.5721  10.634  -9.65989e-09  -4.87941e-11  2.0105e-12



2.26659  0.0129635  -0.000667435  -2.87784e-06  8.52253e-08  -2.1846  5.04276  34.0311  4.66879e-10  -3.34575e-12  -2.54214e-14
-174.928  -0.938063  0.045132  0.000214269  -4.89623e-06  174.398  7.55299  39.3414  -2.64512e-08  1.79769e-10  1.21921e-12

0.796024  0.00406493  -0.000184892  -1.77352e-07  3.41824e-08  -0.574249  2.47142  23.3688  1.76986e-10  -1.61085e-12  -1.47944e-14
-43.8944  -0.191541  0.0125684  2.56772e-05  -1.97963e-06  36.2914  3.12986  27.9775  -8.67991e-09  8.9721e-11  6.22149e-13

2.70532  -0.0165385  -0.000814514  4.13359e-06  1.02943e-07  -2.64891  -5.94596  34.6241  -6.35946e-10  -4.0559e-12  3.26854e-14
-177.146  1.07945  0.0473241  -0.000265367  -5.27087e-06  177.796  -8.40014  38.653  3.33019e-08  1.97353e-10  -1.51026e-12

0.984594  -0.00554887  -0.000265362  1.02049e-06  4.55629e-08  -0.766763  -3.6504  25.9273  -3.10789e-10  -2.11304e-12  2.11294e-14
-53.5407  0.267255  0.0158409  -5.99655e-05  -2.38016e-06  46.3951  -4.30985  29.9808  1.3648e-08  1.05958e-10  -8.46554e-13

2.41688  0.0176731  -0.000684633  -4.24139e-06  8.44068e-08  -2.31947  8.59123  35.2441  5.85507e-10  -3.18944e-12  -2.81519e-14
-183.471  -1.36414  0.0444641  0.000315064  -4.62344e-06  186.007  12.0005  40.3493  -3.44267e-08  1.6375e-10  1.40653e-12

0.690498  0.00273316  -0.000125612  4.21398e-07  2.69223e-08  -0.367943  1.85997  21.3686  8.40234e-11  -1.3063e-12  -9.93287e-15
-39.2468  -0.10843  0.0106298  -7.716e-06  -1.77586e-06  28.647  1.56446  27.7778  -3.63375e-09  8.21256e-11  3.64809e-13

1.94682  -0.01631  -0.000589736  4.2298e-06  7.79652e-08  -1.85738  -8.4968  32.8523  -6.39647e-10  -3.05561e-12  3.19489e-14
-178.681  1.39543  0.0452369  -0.000339763  -4.85193e-06  181.712  -11.8601  39.2346  3.88952e-08  1.75785e-10  -1.62769e-12

0.624644  -0.00314776  -0.000100522  -1.05018e-07  2.46933e-08  -0.310296  -3.02252  19.4185  -1.39927e-10  -1.25931e-12  1.27334e-14
-26.3876  0.121253  0.00614854  -2.98449e-06  -1.28135e-06  16.2154  -2.91828  22.8857  5.56479e-09  6.45533e-11  -4.61904e-13

3.96726  -0.0387511  -0.000728668  -1.52447e-06  9.16806e-08  -0.0403695  19.9648  46.1446  1.57921e-09  8.92656e-12  -2.95444e-13
-414.279  8.36993  0.0862688  -0.00143521  -2.27264e-05  135.798  -3.89943  21.538  7.57898e-08  4.7413e-09  -3.0614e-11

-0.00172329  0.014798  6.81984e-05  5.34022e-07  -5.39308e-09  -0.0542448  13.4554  48.2291  -3.29795e-10  -2.82115e-12  3.71715e-14
-27.9895  0.202356  0.00342292  5.1909e-06  -5.34486e-07  193.338  -14.5721  10.634  -9.65989e-09  -4.87941e-11  2.0105e-12
