0.141059	-0.000898298	-5.43473e-006	2.42287e-007	1.11578e-009	-6.11067e-011	-1.37787e-013	6.55407e-015    5.59634e-018    -2.45559e-019  2.44258          2.51867e-005
0.14107		0.000923866	-5.20935e-006	-2.55794e-007	8.80215e-010	6.31823e-011	-8.9682e-014	-6.61041e-015	3.01409e-018	2.42118e-019   5.87602e-011	2.58753
0.150657	-0.000897455	-6.64065e-006	2.15456e-007	1.48416e-009	-5.12331e-011	-1.70097e-013	5.20327e-015	6.1934e-018	-1.8833e-019   2.55357		1.11106e-011
0.149669	0.00093499	-5.74554e-006	-2.56055e-007	1.16987e-009	6.43343e-011	-1.24495e-013	-6.83634e-015	3.92853e-018	2.5628e-019    1.37713e-009	2.83216
0.103673	1.21326e-006	-7.3584e-006	-1.15902e-009	1.23733e-009	1.20141e-012	-1.75134e-013	-2.58411e-016	9.45392e-018    1.53514e-020   0.37896          0.690442
0.109477	1.10377e-005	-7.81054e-006	-1.16183e-008	1.3399e-009	4.14928e-012	-1.76189e-013	-5.73303e-016	8.91548e-018	2.62964e-020   0.422226         0.595725
0.0812671	-8.16696e-007	-4.47822e-006	2.75463e-009	3.42955e-010	-8.53903e-014	-2.2246e-014	-1.05416e-016	3.90649e-019	1.16357e-020   2.61457		4.06974
-0.530937	0.0330978	-0.000523306	2.71657e-006	0		0		0		0		0		0	       0		0

0.138869	-0.000860136	-6.69494e-006	2.38657e-007	1.44513e-009	-6.11736e-011	-1.60071e-013	6.70475e-015	5.75386e-018	-2.58282e-019  2.54977		5.18497e-010
0.139464	0.000876028	-7.93847e-006	-2.36544e-007	2.08615e-009	5.73061e-011	-2.76332e-013	-5.8262e-015	1.24214e-017	2.02619e-019   6.34366e-010	1.88925
0.148629	-0.000841773	-8.8616e-006	1.71109e-007	2.23154e-009	-3.67743e-011	-2.57043e-013	3.4385e-015	9.72563e-018	-1.15684e-019  2.2725		2.47537e-009
0.147284	0.00086499	-6.51362e-006	-2.0498e-007	1.34337e-009	4.75977e-011	-1.47294e-013	-4.74824e-015	5.34374e-018	1.68149e-019   3.39784e-011	2.5269
0.102216	1.13356e-005	-8.04934e-006	-1.22482e-008	1.64373e-009	4.28934e-012	-2.34322e-013	-5.03185e-016	1.222e-017	1.81492e-020   0.463753		0.507371
0.108696	3.04867e-005	-8.81366e-006	-3.9116e-008	1.73331e-009	1.32171e-011	-2.1406e-013	-1.65199e-015	9.90736e-018	6.80771e-020   0.515561		0.70198
0.0815787	7.38834e-006	-5.72308e-006	-1.16833e-008	9.39639e-010	4.30423e-012	-1.06117e-013	-5.37497e-016	4.41727e-018	2.184e-020     2.62651		2.90991
-1.20219	0.0666052	-0.00106697	5.57536e-006	0		0		0		0		0		0	       0		0

0.117919        -0.000564364    -2.046e-006     1.26397e-007    -7.91479e-010	-2.28494e-011   2.97526e-013    1.16618e-015    -2.00904e-017   1.49662e-019   2.89637e-022    -1.09347e-023
0.119216        0.000647788     -3.34928e-006   -3.03673e-007   4.208e-010	1.14871e-010    -8.30685e-014   -1.91493e-014   2.6738e-017     1.31972e-018   -1.61936e-021   -3.1881e-023
0.122672        -0.000619176    -5.57219e-007   2.79906e-007    -3.53609e-009	-1.17335e-010   1.32946e-012    2.0548e-014     -1.50765e-016   -1.36562e-018  5.71116e-021    2.68108e-023
0.123164        0.000559654     -3.83923e-007   -2.61465e-007   -4.05246e-009	1.28228e-010    1.56449e-012    -2.56326e-014   -1.81949e-016   2.0042e-018    6.99058e-021    -5.18962e-023
0.09231		3.27183e-005    -2.04366e-006   -7.06442e-008   -8.65643e-010   3.34427e-011    2.07914e-013    -5.68835e-015   1.4101e-018     3.69998e-019   -8.19533e-022   -7.33477e-024
0.0960482       -2.10086e-005   1.88225e-007    7.24104e-009    -5.02296e-009	8.22807e-012    1.7087e-012     -4.13253e-015   -1.82446e-016   5.48092e-019   6.47075e-021    -2.21784e-023
0.0780634       2.48698e-005    4.35103e-006    -5.32289e-008   -5.72573e-009	2.58696e-011    1.64116e-012    -4.70676e-015   -1.64006e-016   3.30636e-019   5.54485e-021    -6.89237e-024
0.643523        -0.00628378     -8.93141e-005   1.09946e-006	0		0		0		0	        0               0              0               0

0.144917        -0.000914691    -2.83661e-006   4.68411e-007    -7.09145e-010	-1.84547e-010   4.53327e-013    3.37386e-014    -4.51415e-017   -2.71492e-018  1.28971e-021    8.05694e-023
0.145209        0.000826326     -1.22111e-006   -3.03276e-007   -1.32026e-009	1.03884e-010    4.92186e-013    -1.77554e-014   -3.97377e-017   1.30562e-018   8.65044e-022    -3.47317e-023
0.16951		-0.000993252    8.29415e-006    5.60043e-007    -1.1322e-008    -2.85603e-010   4.36993e-012    6.24824e-014    -5.61336e-016   -5.65704e-018  2.32405e-020    1.80071e-022
0.168068        0.000896125     1.14017e-005    -3.56177e-007   -1.30005e-008	1.86397e-010    4.72311e-012    -4.41502e-014   -5.84742e-016   4.13677e-018   2.35112e-020    -1.32204e-022
0.113466        -8.63482e-005   -2.73946e-006   1.00501e-007    -1.89967e-009	-4.31076e-011   7.37136e-013    8.63899e-015    -6.67236e-017   -8.06472e-019  1.83578e-021    2.78174e-023
0.132392        -7.28808e-005   5.07781e-006    7.23787e-008    -9.73565e-009	-1.87995e-011   3.70736e-012    1.03208e-015    -4.52534e-016   7.52391e-020   1.77762e-020    -5.4974e-024 
0.105269        -1.98153e-005   1.06714e-005    -9.18486e-010   -9.85582e-009	-2.35475e-012   3.25725e-012    1.49597e-015    -3.85951e-016   -2.35123e-019  1.51478e-020    1.11934e-023
-3.27696        0.174232        -0.00275521     1.39736e-005	0		0		0		0	        0               0              0               0
