0.787504  0.00464166  -0.000189957  2.62307e-07  2.64283e-08  -0.626091  -6.40301  21.5299  -7.28671e-12  -8.64865e-13  -1.98776e-15
0.655102  -0.0058359  -0.000125291  3.41664e-07  1.48746e-08  -0.483363  6.99766  21.0497  -8.24445e-11  -2.60733e-13  5.52255e-15
0.575766  0.0055293  -0.00011448  1.12936e-07  1.90139e-08  -0.381472  -3.50821  18.3608  -2.24995e-11  -6.77102e-13  3.35929e-17
0.63844  -0.00635565  -0.000133411  3.06487e-07  1.93141e-08  -0.424529  2.98019  20.447  -5.46153e-11  -5.87613e-13  3.92672e-15
3.96726  -0.0387511  -0.000728668  -1.52447e-06  9.16806e-08  -0.0403695  19.9648  46.1446  1.57921e-09  8.92656e-12  -2.95444e-13

-31.2425  -0.117965  0.00823886  -2.32117e-05  -1.14503e-06  25.6733  -6.72621  23.0297  1.671e-09  4.00769e-11  2.5304e-14
-24.8949  0.180073  0.00528987  -6.17343e-06  -6.61731e-07  18.7542  7.04157  22.2357  2.5559e-09  1.61113e-11  -1.93775e-13
-21.9943  -0.162607  0.00519248  -1.23714e-05  -8.60907e-07  15.5297  -3.87251  20.2413  1.85639e-09  3.3428e-11  -4.7772e-14
-25.0243  0.194318  0.00607487  -4.05202e-06  -8.91886e-07  17.8076  3.24383  22.5311  1.13344e-09  3.09222e-11  -1.04149e-13
-414.279  8.36993  0.0862688  -0.00143521  -2.27264e-05  135.798  -3.89943  21.538  7.57898e-08  4.7413e-09  -3.0614e-11

0.7503  0.00649724  -0.000137839  -3.75665e-07  1.94082e-08  -0.45478  -3.03363  18.627  6.23724e-11  -6.11941e-13  -4.28928e-15
1.06  -0.00433517  -0.00026023  -8.88758e-08  3.44768e-08  -0.741728  4.90305  24.4484  -3.61735e-11  -1.18362e-12  4.09606e-15
1.15918  0.00183231  -0.000253974  1.21079e-06  3.06007e-08  -0.786029  -5.85782  26.6225  -1.24744e-10  -9.41196e-13  2.90677e-15
0.663592  -0.00613238  -6.19049e-05  2.47526e-07  6.37976e-09  -0.279428  0.792195  17.6376  -1.56429e-11  6.19364e-14  8.60499e-16
-0.00172329  0.014798  6.81984e-05  5.34022e-07  -5.39308e-09  -0.0542448  13.4554  48.2291  -3.29795e-10  -2.82115e-12  3.71715e-14

-29.1606  -0.200325  0.00634999  4.42423e-06  -9.10301e-07  18.9152  -3.4016  20.5536  -1.21659e-09  3.22102e-11  1.16036e-13
-47.2562  0.0776632  0.0128261  2.53897e-05  -1.66041e-06  36.6513  5.68454  27.2831  -9.33476e-10  5.97953e-11  -7.34366e-14
-40.3643  -0.046894  0.00914168  -4.40057e-05  -1.1237e-06  28.3251  -6.13326  27.0132  4.44206e-09  3.60372e-11  -1.04781e-13
-23.6515  0.20253  0.00297354  -7.60315e-06  -3.73268e-07  11.1206  1.14632  19.4353  4.90454e-10  5.77213e-12  -2.76548e-14
-27.9895  0.202356  0.00342292  5.1909e-06  -5.34486e-07  193.338  -14.5721  10.634  -9.65989e-09  -4.87941e-11  2.0105e-12
