2.26659  0.0129635  -0.000667435  -2.87784e-06  8.52253e-08  -2.1846  5.04276  34.0311  4.66879e-10  -3.34575e-12  -2.54214e-14
2.70532  -0.0165385  -0.000814514  4.13359e-06  1.02943e-07  -2.64891  -5.94596  34.6241  -6.35946e-10  -4.0559e-12  3.26854e-14
2.41688  0.0176731  -0.000684633  -4.24139e-06  8.44068e-08  -2.31947  8.59123  35.2441  5.85507e-10  -3.18944e-12  -2.81519e-14
1.94682  -0.01631  -0.000589736  4.2298e-06  7.79652e-08  -1.85738  -8.4968  32.8523  -6.39647e-10  -3.05561e-12  3.19489e-14
3.96726  -0.0387511  -0.000728668  -1.52447e-06  9.16806e-08  -0.0403695  19.9648  46.1446  1.57921e-09  8.92656e-12  -2.95444e-13

-174.928  -0.938063  0.045132  0.000214269  -4.89623e-06  174.398  7.55299  39.3414  -2.64512e-08  1.79769e-10  1.21921e-12
-177.146  1.07945  0.0473241  -0.000265367  -5.27087e-06  177.796  -8.40014  38.653  3.33019e-08  1.97353e-10  -1.51026e-12
-183.471  -1.36414  0.0444641  0.000315064  -4.62344e-06  186.007  12.0005  40.3493  -3.44267e-08  1.6375e-10  1.40653e-12
-178.681  1.39543  0.0452369  -0.000339763  -4.85193e-06  181.712  -11.8601  39.2346  3.88952e-08  1.75785e-10  -1.62769e-12
-414.279  8.36993  0.0862688  -0.00143521  -2.27264e-05  135.798  -3.89943  21.538  7.57898e-08  4.7413e-09  -3.0614e-11

0.796024  0.00406493  -0.000184892  -1.77352e-07  3.41824e-08  -0.574249  2.47142  23.3688  1.76986e-10  -1.61085e-12  -1.47944e-14
0.984594  -0.00554887  -0.000265362  1.02049e-06  4.55629e-08  -0.766763  -3.6504  25.9273  -3.10789e-10  -2.11304e-12  2.11294e-14
0.690498  0.00273316  -0.000125612  4.21398e-07  2.69223e-08  -0.367943  1.85997  21.3686  8.40234e-11  -1.3063e-12  -9.93287e-15
0.624644  -0.00314776  -0.000100522  -1.05018e-07  2.46933e-08  -0.310296  -3.02252  19.4185  -1.39927e-10  -1.25931e-12  1.27334e-14
-0.00172329  0.014798  6.81984e-05  5.34022e-07  -5.39308e-09  -0.0542448  13.4554  48.2291  -3.29795e-10  -2.82115e-12  3.71715e-14

-43.8944  -0.191541  0.0125684  2.56772e-05  -1.97963e-06  36.2914  3.12986  27.9775  -8.67991e-09  8.9721e-11  6.22149e-13
-53.5407  0.267255  0.0158409  -5.99655e-05  -2.38016e-06  46.3951  -4.30985  29.9808  1.3648e-08  1.05958e-10  -8.46554e-13
-39.2468  -0.10843  0.0106298  -7.716e-06  -1.77586e-06  28.647  1.56446  27.7778  -3.63375e-09  8.21256e-11  3.64809e-13
-26.3876  0.121253  0.00614854  -2.98449e-06  -1.28135e-06  16.2154  -2.91828  22.8857  5.56479e-09  6.45533e-11  -4.61904e-13
-27.9895  0.202356  0.00342292  5.1909e-06  -5.34486e-07  193.338  -14.5721  10.634  -9.65989e-09  -4.87941e-11  2.0105e-12
