0.0194756	0	0.973778	0.0010406	0.0409747	0.000920256
0.0196794	1	0.983971	0.000658366	0.039099	0.000439987
0.019672	2	0.9836	0.000371286	0.0387376	0.000317681
0.0196675	3	0.983374	0.00034925	0.0373813	0.00029367
0.0196598	4	0.98299	0.000601124	0.0381939	0.000440606
0.0195418	5	0.977091	0.000593039	0.0396359	0.000514985
0.0195955	6	0.979777	0.00315376	0.0395875	0.00262827
0.0196544	7	0.982718	0.00101031	0.0374813	0.000871625
0.0196444	8	0.982218	0.00192485	0.0379326	0.00148289
0.0196845	9	0.984223	0.00173622	0.0359204	0.00114355
0.0196443	10	0.982214	0.00191422	0.0397157	0.00145723
0.0196091	11	0.980457	0.00159193	0.035711	0.000980369
0.0197044	12	0.985222	0.000849224	0.0380718	0.000750453
0.0196507	13	0.982535	0.00153079	0.0364661	0.00101689
0.0196673	14	0.983367	0.000722026	0.0353296	0.000596126
0.01975	15	0.9875	0.000769411	0.0367656	0.000656362
0.0197186	16	0.98593	0.00134474	0.0367924	0.00088297
0.0197095	17	0.985475	0.00134329	0.036667	0.000812729
0.0197398	18	0.98699	0.00126558	0.0363541	0.000798899
0.0197535	19	0.987674	0.00125814	0.0369051	0.000829233
0.0197677	20	0.988387	0.00119444	0.0368623	0.000818675
0.0197323	21	0.986616	0.000721579	0.0397337	0.00064662
0.0197832	22	0.98916	0.00135353	0.0391393	0.000909726
0.0197998	23	0.989992	0.000611763	0.0363435	0.000517216
0.0197968	24	0.989841	0.000622973	0.0377144	0.000536959
0.0197375	25	0.986874	0.00062852	0.0382932	0.000545751
0.0197221	26	0.986104	0.00121809	0.0379717	0.000795864
0.0196983	27	0.984915	0.00117479	0.0380152	0.000799097
0.0291687	0	0.972289	0.000873573	0.038758	0.00083967
0.0295003	1	0.983345	0.000514109	0.0357487	0.000356755
0.0295448	2	0.984826	0.00030247	0.0350658	0.000247345
0.0294986	3	0.983286	0.000293109	0.034482	0.000238014
0.0294495	4	0.98165	0.000475311	0.0348953	0.000349275
0.029225	5	0.974167	0.000287691	0.0376619	0.000232477
0.0292603	6	0.975344	0.00117234	0.038172	0.000997442
0.0293972	7	0.979908	0.00141656	0.0313039	0.00100815
0.0293535	8	0.97845	0.000817526	0.0338658	0.000633256
0.0294127	9	0.980425	0.000753723	0.0333627	0.000590249
0.0294406	10	0.981355	0.000680981	0.0326069	0.000544989
0.0294136	11	0.980453	0.000712627	0.0340726	0.00056331
0.0295286	12	0.984286	0.00119335	0.0335294	0.000884704
0.02953	13	0.984333	0.000616455	0.0328929	0.000494523
0.0295153	14	0.983843	0.00116515	0.0348918	0.00088514
0.0295153	15	0.983844	0.000614773	0.0340097	0.000487329
0.02957	16	0.985667	0.000990345	0.0335937	0.000690377
0.0296491	17	0.988304	0.000558351	0.0347012	0.000464395
0.0295458	18	0.98486	0.000552359	0.0342093	0.000433839
0.0296511	19	0.988371	0.000511374	0.0334221	0.00041581
0.0296395	20	0.987985	0.000519244	0.0344291	0.000427236
0.0296	21	0.986667	0.000509373	0.0335109	0.000404538
0.0296493	22	0.988311	0.000531368	0.0348767	0.000434622
0.0297182	23	0.990607	0.00090275	0.0345322	0.000594114
0.0296821	24	0.989403	0.000480046	0.0337602	0.00038759
0.0296384	25	0.987947	0.000479841	0.0337114	0.000383955
0.0296127	26	0.987091	0.000506965	0.0347601	0.000411755
0.029557	27	0.985235	0.000477285	0.0335841	0.000383178
0.0387366	0	0.968415	0.000852344	0.0385538	0.000877404
0.0393066	1	0.982666	0.000456344	0.0342343	0.000339714
0.0393302	2	0.983255	0.000283448	0.034175	0.000230456
0.0392993	3	0.982483	0.000447994	0.0325605	0.000327504
0.0392228	4	0.980571	0.000236569	0.0324522	0.000190764
0.0388903	5	0.972259	0.000502566	0.0368143	0.000495085
0.0390007	6	0.975018	0.00102897	0.0348854	0.000817853
0.0391171	7	0.977929	0.000813512	0.0331597	0.00067622
0.0391329	8	0.978323	0.000773557	0.034333	0.000616574
0.0392334	9	0.980834	0.00122502	0.0314787	0.000880231
0.0391224	10	0.978061	0.000637779	0.0303495	0.000479733
0.0393057	11	0.982642	0.00108962	0.0320744	0.000882861
0.0393158	12	0.982896	0.000563418	0.0308474	0.000450783
0.0392375	13	0.980938	0.000564787	0.0310468	0.000433058
0.039297	14	0.982424	0.000533065	0.0304048	0.000428474
0.0393243	15	0.983108	0.000558454	0.0325872	0.000452545
0.0393599	16	0.983998	0.000482552	0.0305349	0.000374768
0.0393895	17	0.984738	0.000502394	0.0323494	0.00040786
0.0394229	18	0.985571	0.000482352	0.0323502	0.000385794
0.0394204	19	0.98551	0.000476531	0.0318534	0.000362386
0.0394337	20	0.985841	0.000452113	0.03161	0.00035301
0.0394941	21	0.987354	0.000448318	0.0321165	0.000360666
0.0394763	22	0.986909	0.000437498	0.0319975	0.000350594
0.0395308	23	0.988269	0.00069892	0.0313578	0.000529976
0.0395059	24	0.987648	0.000425533	0.031756	0.000335744
0.0394728	25	0.98682	0.000425516	0.0321769	0.000335034
0.0394524	26	0.986309	0.000420488	0.0310363	0.000331102
0.0393917	27	0.984793	0.000420111	0.0314604	0.000331673
0.0483655	0	0.96731	0.000451492	0.0358494	0.000347574
0.0490261	1	0.980522	0.000422405	0.0329496	0.000315397
0.0490826	2	0.981652	0.000453888	0.032801	0.000334054
0.0490314	3	0.980627	0.000254652	0.0320445	0.00020285
0.0489446	4	0.978892	0.000229664	0.0318794	0.000183348
0.0484907	5	0.969813	0.000495859	0.035403	0.000449144
0.0486369	6	0.972737	0.000988019	0.0343426	0.000865322
0.0486026	7	0.972052	0.000796197	0.0314802	0.000625509
0.0489298	8	0.978595	0.000678858	0.0313337	0.000560279
0.0488446	9	0.976892	0.00123562	0.0311579	0.000919399
0.0488857	10	0.977713	0.00117652	0.029821	0.000747475
0.0489506	11	0.979011	0.000584262	0.0313767	0.000475143
0.0489744	12	0.979489	0.000543231	0.0302392	0.000433616
0.0491234	13	0.982467	0.000500188	0.0288301	0.000408988
0.0491295	14	0.982589	0.000490637	0.0296772	0.000391801
0.0491105	15	0.98221	0.000477149	0.0297273	0.000374199
0.0491543	16	0.983087	0.000447859	0.0290162	0.000349056
0.0491927	17	0.983853	0.000447455	0.0304609	0.000367678
0.0492035	18	0.98407	0.000794174	0.0297316	0.000512117
0.0491919	19	0.983838	0.000412956	0.0294386	0.000324442
0.0491799	20	0.983598	0.000408227	0.0291579	0.000313673
0.0492351	21	0.984701	0.000409748	0.0301041	0.000321589
0.0492795	22	0.985589	0.000399468	0.0299877	0.000309583
0.0493615	23	0.987231	0.000366118	0.0287314	0.000288346
0.0493262	24	0.986525	0.000375812	0.0295892	0.000290429
0.049307	25	0.986141	0.000380546	0.0302268	0.00030703
0.0492213	26	0.984425	0.000391962	0.0302764	0.000306717
0.0491934	27	0.983868	0.000381293	0.0296215	0.000293391
0.0578524	0	0.964206	0.000463586	0.0367526	0.000354677
0.058679	1	0.977984	0.000410886	0.0324048	0.000304181
0.058819	2	0.980317	0.000249799	0.031661	0.000199232
0.0587577	3	0.979296	0.00024357	0.0312506	0.000193437
0.0586244	4	0.977073	0.000220545	0.0312282	0.00017597
0.0580326	5	0.96721	0.00050643	0.0339855	0.000440262
0.0582978	6	0.97163	0.000903327	0.0376251	0.000955883
0.0584061	7	0.973435	0.00162815	0.0301335	0.00104856
0.0585832	8	0.976387	0.00139146	0.029887	0.00101735
0.0585192	9	0.975319	0.0012572	0.0295981	0.000887469
0.0586984	10	0.978307	0.000546194	0.0278805	0.000447018
0.0587279	11	0.978799	0.000516401	0.0289497	0.000439887
0.0587194	12	0.978657	0.000507387	0.02805	0.000411764
0.0587571	13	0.979285	0.000496479	0.0287155	0.000405029
0.058943	14	0.982383	0.000444115	0.0280259	0.000375863
0.0588313	15	0.980522	0.000451711	0.0287838	0.00037201
0.0589267	16	0.982112	0.000411729	0.0274045	0.000325931
0.0589562	17	0.982603	0.000411748	0.0289057	0.000344283
0.0590087	18	0.983478	0.000389349	0.0279795	0.000313786
0.0590091	19	0.983485	0.000404254	0.0293836	0.000333823
0.0590046	20	0.98341	0.000390654	0.0292272	0.000311412
0.0590237	21	0.983729	0.000365779	0.027668	0.00028554
0.0591529	22	0.985881	0.000347656	0.0275974	0.000282597
0.0591374	23	0.985624	0.000664303	0.0292851	0.000465601
0.0591199	24	0.985332	0.000360687	0.0288195	0.000288627
0.0590493	25	0.984155	0.000359794	0.0291766	0.000286957
0.0589934	26	0.983224	0.00036734	0.0289082	0.000298326
0.0589747	27	0.982911	0.000364383	0.0290134	0.000284767
0.0673015	0	0.96145	0.000753816	0.0330185	0.000666054
0.0683218	1	0.976025	0.000392125	0.0318075	0.00030579
0.0684586	2	0.97798	0.000235553	0.0304149	0.00018769
0.0684167	3	0.977381	0.000231992	0.0302081	0.000185809
0.0682682	4	0.97526	0.000209247	0.0299158	0.000169469
0.0674843	5	0.964062	0.000523371	0.0332565	0.000445641
0.0676313	6	0.966162	0.000997008	0.0335929	0.000855459
0.0682418	7	0.974883	0.000671307	0.0284287	0.00057161
0.068393	8	0.977043	0.000551888	0.0269085	0.000514761
0.0683464	9	0.976378	0.000564912	0.0293415	0.000499441
0.0683491	10	0.976416	0.00107666	0.0274011	0.000777645
0.0684009	11	0.977156	0.000509218	0.0284265	0.000439296
0.0684016	12	0.977166	0.000486776	0.0283476	0.000404058
0.0684977	13	0.978538	0.000458851	0.0279374	0.000384754
0.0685659	14	0.979513	0.000956122	0.0278742	0.000625126
0.0687506	15	0.982151	0.000902242	0.0268544	0.000551348
0.0686228	16	0.980326	0.000413478	0.0278008	0.000340513
0.0687038	17	0.981483	0.00039228	0.0275796	0.000335182
0.0688878	18	0.984112	0.000769399	0.0254894	0.000467057
0.0687529	19	0.982184	0.000357596	0.0266078	0.000289445
0.0687906	20	0.982722	0.000348011	0.0264982	0.000281628
0.0688532	21	0.983617	0.000345515	0.0270389	0.000281702
0.0688843	22	0.984061	0.000333808	0.0267225	0.000273022
0.0688253	23	0.983218	0.00033948	0.0275212	0.000269315
0.0688552	24	0.983646	0.000332712	0.0273158	0.000272982
0.0688946	25	0.984209	0.000331739	0.0274889	0.000274594
0.0687592	26	0.982274	0.000334633	0.0270736	0.000261189
0.0687677	27	0.982396	0.000341179	0.0275055	0.000272094
0.0767538	0	0.959423	0.000773031	0.0331904	0.000710747
0.0779366	1	0.974208	0.000396418	0.0306018	0.000277216
0.0781496	2	0.97687	0.000226856	0.0294269	0.000177818
0.0781071	3	0.976339	0.000221788	0.0291152	0.000178238
0.0778836	4	0.973545	0.000416501	0.0293491	0.000264387
0.0769993	5	0.962491	0.000527479	0.0331257	0.000476014
0.077268	6	0.96585	0.000939664	0.0391306	0.00100112
0.0778355	7	0.972943	0.00164448	0.0294181	0.00131671
0.0778654	8	0.973317	0.00122438	0.0293977	0.0010834
0.0780766	9	0.975958	0.000528952	0.0277309	0.000481096
0.0781572	10	0.976966	0.00049709	0.0277696	0.000448689
0.0780437	11	0.975546	0.000484723	0.0277665	0.000425296
0.0783762	12	0.979703	0.000419051	0.0256915	0.000385467
0.0782652	13	0.978315	0.000424772	0.0264519	0.00036012
0.0783473	14	0.979341	0.000915638	0.0263333	0.000562883
0.0783481	15	0.979351	0.000401839	0.0262404	0.000339447
0.0784423	16	0.980529	0.000361673	0.0255409	0.000309623
0.0783308	17	0.979135	0.000377875	0.0263626	0.000306601
0.0784188	18	0.980236	0.000365344	0.0264318	0.000309841
0.0786096	19	0.98262	0.00034145	0.0261795	0.000291849
0.0786906	20	0.983633	0.000322631	0.0255829	0.000281545
0.0786966	21	0.983708	0.000313236	0.0249212	0.000257233
0.0786178	22	0.982723	0.000332856	0.0272452	0.00028117
0.0785274	23	0.981592	0.000639745	0.0263099	0.000396323
0.0786055	24	0.982569	0.000321871	0.0268121	0.000265633
0.0785593	25	0.981991	0.00030881	0.0256406	0.000250585
0.0785445	26	0.981807	0.000316829	0.0261727	0.000261306
0.0784584	27	0.98073	0.000326463	0.0266014	0.000256968
0.0865859	0	0.962065	0.000814172	0.0354749	0.00110108
0.0880638	1	0.978487	0.000384677	0.0284235	0.000292573
0.0882983	2	0.981092	0.00020732	0.027813	0.000185199
0.0882025	3	0.980028	0.000205212	0.0276375	0.00018137
0.0879041	4	0.976712	0.000186803	0.0286439	0.000168191
0.0868038	5	0.964487	0.000500288	0.034987	0.000655777
0.0865201	6	0.961334	0.00241121	0.036933	0.00438026
0.0877151	7	0.974612	0.000598119	0.0301655	0.000634801
0.087851	8	0.976122	0.00127637	0.0294445	0.0011428
0.0878417	9	0.976018	0.00108042	0.028152	0.000963746
0.0876611	10	0.974012	0.000500232	0.0274582	0.000442373
0.0879736	11	0.977484	0.00044047	0.0266211	0.000394801
0.0879833	12	0.977592	0.000446385	0.0270809	0.000398539
0.0880371	13	0.97819	0.00042592	0.0266038	0.000377952
0.0881622	14	0.97958	0.000390677	0.0253193	0.000342906
0.0882145	15	0.980161	0.000747919	0.0256498	0.000538947
0.0882511	16	0.980568	0.000698317	0.0251687	0.00047423
0.0883955	17	0.982172	0.000658178	0.0246489	0.00046702
0.0884246	18	0.982496	0.000343001	0.0252235	0.000302368
0.0884314	19	0.982571	0.000313678	0.0247008	0.000272583
0.0883829	20	0.982032	0.000323224	0.0248092	0.000267695
0.0885214	21	0.983571	0.000587974	0.0246956	0.000402418
0.0885477	22	0.983864	0.000317807	0.0259106	0.000277758
0.0885626	23	0.984029	0.000596756	0.0251967	0.000394151
0.0885705	24	0.984116	0.000280321	0.0238209	0.000241804
0.0884782	25	0.983091	0.00029097	0.0251083	0.000245726
0.0884931	26	0.983257	0.000286474	0.0242713	0.000237543
0.0883549	27	0.981721	0.000291048	0.0245891	0.00024556
0.0960265	0	0.960265	0.000836762	0.0339529	0.00103852
0.0977646	1	0.977646	0.000382226	0.0285843	0.00029841
0.0980084	2	0.980084	0.000200363	0.0273679	0.000178215
0.0979092	3	0.979092	0.000197305	0.0272971	0.000173075
0.0975465	4	0.975465	0.000379576	0.0283737	0.000302691
0.0963467	5	0.963467	0.000498142	0.0346763	0.00065965
0.0962338	6	0.962338	0.000966354	0.0333424	0.000864083
0.096943	7	0.96943	0.00139452	0.0294212	0.00149112
0.0973787	8	0.973787	0.0012578	0.0285126	0.00118696
0.0974804	9	0.974804	0.000476165	0.0266021	0.00041624
0.0975001	10	0.975001	0.000476516	0.0275273	0.000433609
0.0976933	11	0.976933	0.000414419	0.0252771	0.000384646
0.0976889	12	0.976889	0.000423342	0.0258368	0.0003625
0.097834	13	0.97834	0.000390423	0.0253892	0.000340588
0.0978356	14	0.978356	0.000389946	0.0256543	0.000341676
0.0979797	15	0.979797	0.000350848	0.0242861	0.00030613
0.0981092	16	0.981092	0.000341853	0.0246673	0.000301447
0.0979404	17	0.979404	0.000355525	0.0260922	0.000310612
0.0981234	18	0.981234	0.000313274	0.0244584	0.000266788
0.0982611	19	0.982611	0.000307854	0.0237484	0.000262295
0.0981719	20	0.981719	0.000302086	0.0246969	0.0002614
0.098227	21	0.98227	0.000296293	0.0243199	0.000251574
0.0983218	22	0.983218	0.000288671	0.0238082	0.000249818
0.0983452	23	0.983452	0.000276315	0.0242943	0.000233915
0.0982332	24	0.982332	0.000554148	0.0246058	0.000384322
0.0982682	25	0.982682	0.000528352	0.0238778	0.000361238
0.0981487	26	0.981487	0.0002794	0.0239765	0.000237226
0.0981017	27	0.981017	0.000286091	0.0243136	0.000240067
0.143081	0	0.953872	0.000382022	0.0299992	0.000274487
0.14541	1	0.969401	0.000428976	0.02819	0.000253609
0.145977	2	0.973178	0.000201876	0.0276276	0.000165843
0.145986	3	0.973239	0.000195105	0.0269759	0.000163608
0.145593	4	0.970622	0.000179998	0.0275784	0.000153013
0.143523	5	0.95682	0.000575513	0.0333322	0.000736732
0.142417	6	0.949445	0.00103188	0.0362231	0.000904591
0.144791	7	0.965275	0.000581185	0.0275328	0.000514597
0.14503	8	0.966865	0.000512125	0.0257789	0.000423733
0.145583	9	0.970553	0.000471148	0.0265365	0.000416804
0.145828	10	0.972187	0.000435193	0.026271	0.000396235
0.146138	11	0.974251	0.000380019	0.0250198	0.000354854
0.146244	12	0.974958	0.000375932	0.0253573	0.000346775
0.146054	13	0.973692	0.000375419	0.0251732	0.000332388
0.146383	14	0.975884	0.000349508	0.0244409	0.000307304
0.146565	15	0.977098	0.000324427	0.023982	0.000303981
0.146408	16	0.97605	0.000323486	0.0240943	0.000270698
0.146644	17	0.977626	0.00030463	0.0238661	0.000266556
0.146641	18	0.97761	0.000303549	0.0238501	0.000257568
0.146856	19	0.979043	0.00063124	0.022903	0.00039738
0.146897	20	0.979311	0.000267971	0.0228224	0.000234507
0.146904	21	0.979358	0.000271297	0.0229438	0.000230011
0.147101	22	0.980672	0.000600163	0.0226385	0.000365393
0.147034	23	0.980224	0.000250923	0.0228903	0.000220102
0.147204	24	0.981357	0.000244553	0.0231237	0.000227854
0.146935	25	0.979569	0.000249195	0.0227332	0.000220269
0.146997	26	0.979983	0.0002503	0.0231893	0.000231711
0.146718	27	0.978118	0.00026923	0.0242873	0.000237406
0.19069	0	0.953451	0.000754066	0.0311672	0.00125885
0.194671	1	0.973357	0.000180468	0.0263487	0.00018154
0.195518	2	0.977592	0.000189431	0.0258685	0.000203849
0.195267	3	0.976334	0.000177231	0.0254428	0.000185103
0.194375	4	0.971875	0.000166526	0.0273031	0.000171034
0.190872	5	0.954362	0.000557393	0.0368228	0.00123692
0.188199	6	0.940996	0.00101207	0.0564967	0.00112498
0.193014	7	0.965071	0.00146285	0.0334374	0.00094838
0.193547	8	0.967734	0.000481512	0.0254489	0.000447463
0.193735	9	0.968676	0.00100488	0.0265576	0.00105905
0.19409	10	0.970452	0.000397378	0.0257728	0.000372664
0.194618	11	0.973092	0.000365045	0.025027	0.000361151
0.194314	12	0.971569	0.000363406	0.0246459	0.000323337
0.194784	13	0.973918	0.000344001	0.0242842	0.000326025
0.194929	14	0.974645	0.00031701	0.0233677	0.000284356
0.195208	15	0.97604	0.000300739	0.0228922	0.000289299
0.195176	16	0.975881	0.00028899	0.0235907	0.000273074
0.195635	17	0.978173	0.00027977	0.0233304	0.000270773
0.195771	18	0.978853	0.00027701	0.0220629	0.000269434
0.195623	19	0.978114	0.000270002	0.0229493	0.000255313
0.195778	20	0.978888	0.000249831	0.0219838	0.000235862
0.195999	21	0.979997	0.000537279	0.0217196	0.000374379
0.195973	22	0.979866	0.000237812	0.021384	0.000230708
0.195787	23	0.978937	0.000235849	0.021971	0.00021487
0.196122	24	0.980608	0.000601247	0.0217501	0.000384401
0.195705	25	0.978527	0.000231686	0.0218746	0.000213172
0.195783	26	0.978917	0.00024256	0.0220988	0.000233784
0.195537	27	0.977686	0.000247874	0.0231915	0.000238802
0.237563	0	0.950251	0.000730477	0.0311955	0.00130384
0.242635	1	0.970541	0.000387725	0.0268738	0.000349765
0.24331	2	0.973239	0.000180787	0.0253178	0.000176145
0.243407	3	0.973628	0.000165906	0.0255919	0.0001705
0.242122	4	0.968488	0.000379522	0.0272023	0.000374631
0.237954	5	0.951818	0.000217859	0.0330185	0.000190073
0.233133	6	0.932531	0.00104219	0.0615686	0.00115139
0.239642	7	0.958569	0.00138671	0.0363461	0.000950735
0.241173	8	0.964693	0.00107028	0.0287194	0.00148836
0.241123	9	0.96449	0.00100131	0.0270674	0.00115176
0.241719	10	0.966876	0.000894244	0.0247991	0.000878401
0.241886	11	0.967542	0.000772933	0.0235966	0.000700954
0.242102	12	0.968408	0.000369311	0.0238438	0.00031631
0.242938	13	0.971751	0.000338583	0.0248691	0.000318526
0.243221	14	0.972884	0.000309623	0.0232803	0.00028964
0.243381	15	0.973524	0.000304002	0.0226867	0.000271382
0.243271	16	0.973084	0.000279344	0.0235437	0.000260679
0.243607	17	0.974429	0.000599344	0.0227752	0.000475458
0.244044	18	0.976177	0.000250559	0.0228737	0.000238688
0.244079	19	0.976316	0.00025238	0.0225506	0.000241814
0.244035	20	0.976141	0.000248686	0.0226328	0.000228779
0.244249	21	0.976995	0.000233014	0.0223741	0.000222499
0.244285	22	0.977139	0.000226589	0.0218485	0.000209372
0.244425	23	0.9777	0.000221026	0.0222361	0.000206197
0.244268	24	0.977072	0.000218304	0.0220623	0.000202392
0.244064	25	0.976254	0.000220428	0.0216331	0.00019892
0.243813	26	0.975253	0.000242422	0.0227433	0.000218821
0.243984	27	0.975938	0.00022655	0.0227243	0.000220041
0.284212	0	0.947374	0.000795542	0.0322047	0.00146258
0.290152	1	0.967173	0.000379061	0.0269664	0.000347756
0.291496	2	0.971653	0.000393635	0.0258363	0.000330937
0.291166	3	0.970554	0.000165462	0.0256595	0.000158995
0.289671	4	0.965571	0.000362892	0.0270778	0.000385609
0.284123	5	0.947078	0.000215815	0.0381864	0.000200508
0.277319	6	0.924397	0.0024553	0.050526	0.00269097
0.287186	7	0.957286	0.000553312	0.0349912	0.000562446
0.288213	8	0.96071	0.000471337	0.0258873	0.000428024
0.28853	9	0.961768	0.000848741	0.0239641	0.000851109
0.289393	10	0.964644	0.000405078	0.0245836	0.000361698
0.28925	11	0.964168	0.000390015	0.0238826	0.000330077
0.290156	12	0.967188	0.000357921	0.0249235	0.000312674
0.291039	13	0.970129	0.000320985	0.0255994	0.000326594
0.290766	14	0.96922	0.000635551	0.0229193	0.000543389
0.291181	15	0.970604	0.000293718	0.0230987	0.000260093
0.291857	16	0.972857	0.000268858	0.0242227	0.000275312
0.291734	17	0.972448	0.000258749	0.0228813	0.000237768
0.29198	18	0.973266	0.000546411	0.0217065	0.000417552
0.291868	19	0.972892	0.000569283	0.0224086	0.000439859
0.29207	20	0.973567	0.000240938	0.023061	0.00021913
0.291925	21	0.973083	0.000244419	0.022087	0.000218001
0.29236	22	0.974534	0.000226581	0.0224292	0.000213022
0.292424	23	0.974745	0.000495256	0.02253	0.000389621
0.292254	24	0.974179	0.000222718	0.0228133	0.000205247
0.292144	25	0.973812	0.000216506	0.0226702	0.00020056
0.292091	26	0.973638	0.000227762	0.0229388	0.00021316
0.291892	27	0.972973	0.000233878	0.0229292	0.000216208
0.331068	0	0.945909	0.000334148	0.0346191	0.000334054
0.33877	1	0.967914	0.000550214	0.0272728	0.000470658
0.340057	2	0.971591	0.000260584	0.0249398	0.000300341
0.339792	3	0.970835	0.000234414	0.0248427	0.0002812
0.337685	4	0.964815	0.000208687	0.027425	0.000237695
0.330693	5	0.944837	0.000243608	0.0395426	0.000263161
0.32156	6	0.918743	0.00232348	0.0516108	0.0034842
0.333115	7	0.951757	0.000661466	0.0358095	0.000621031
0.336196	8	0.960561	0.000485853	0.0268248	0.000530269
0.337141	9	0.963259	0.000500894	0.0267056	0.000566258
0.337431	10	0.964087	0.000531351	0.0258761	0.000599168
0.337877	11	0.965362	0.000459598	0.0241127	0.000466227
0.338834	12	0.968097	0.00111113	0.0232155	0.000828055
0.339278	13	0.969365	0.000413551	0.0238336	0.000461177
0.339223	14	0.969207	0.000468183	0.0234235	0.000512262
0.339344	15	0.969555	0.000482613	0.0243227	0.000527843
0.339264	16	0.969327	0.000400883	0.0229668	0.000395288
0.340355	17	0.972443	0.000984942	0.0232388	0.000692869
0.340255	18	0.972156	0.000340701	0.0218885	0.000355085
0.341029	19	0.974367	0.000301665	0.020709	0.000362084
0.34085	20	0.973857	0.000334201	0.0216571	0.000379114
0.340893	21	0.973981	0.000396759	0.0214674	0.000392769
0.341107	22	0.974591	0.000379374	0.0222067	0.000396948
0.340749	23	0.973569	0.000361377	0.0214867	0.000359252
0.340843	24	0.973838	0.000410738	0.021189	0.00037176
0.341074	25	0.974498	0.000342864	0.0228424	0.00039753
0.340826	26	0.973788	0.000407578	0.0223468	0.000414076
0.3404	27	0.972572	0.000365149	0.0224155	0.000383801
0.377286	0	0.943215	0.000352887	0.0323178	0.000316904
0.386163	1	0.965408	0.000534516	0.0274059	0.000474404
0.388217	2	0.970542	0.000591894	0.0260715	0.000478819
0.387021	3	0.967552	0.000249553	0.0260656	0.000289877
0.38544	4	0.963599	0.000204195	0.0284173	0.000252226
0.37669	5	0.941724	0.00100795	0.0394497	0.00267012
0.365093	6	0.912732	0.00114372	0.069442	0.00123742
0.381236	7	0.953091	0.00136977	0.0365074	0.00104313
0.382913	8	0.957283	0.000561034	0.0279033	0.00058542
0.384113	9	0.960283	0.00108301	0.0260445	0.00122886
0.384604	10	0.96151	0.000491006	0.0254595	0.00052528
0.385143	11	0.962858	0.000999644	0.0229854	0.000752564
0.386936	12	0.967339	0.000370171	0.0237947	0.000419159
0.387235	13	0.968088	0.000383953	0.0231854	0.000436859
0.387161	14	0.967903	0.000347321	0.0244502	0.000393062
0.38708	15	0.967701	0.000362485	0.0224797	0.00040633
0.387787	16	0.969467	0.000373546	0.0231967	0.000421521
0.38825	17	0.970625	0.000385204	0.0221159	0.000426623
0.388597	18	0.971493	0.000314267	0.0225991	0.000347707
0.387939	19	0.969847	0.000410639	0.0220146	0.000406175
0.388049	20	0.970123	0.000409587	0.0219069	0.000390179
0.388803	21	0.972007	0.000368558	0.0221538	0.000373948
0.38952	22	0.973801	0.000394365	0.0219712	0.000423534
0.388533	23	0.971333	0.000359731	0.0224943	0.000364579
0.388974	24	0.972435	0.00028651	0.0215138	0.000313075
0.388047	25	0.970119	0.000369021	0.0228179	0.000388364
0.388581	26	0.971452	0.000360574	0.021939	0.000379635
0.388319	27	0.970796	0.000414488	0.0238503	0.0004293
0.423042	0	0.940092	0.00112766	0.0325539	0.00256171
0.433204	1	0.962676	0.000204374	0.0272814	0.000237963
0.435998	2	0.968884	0.000214808	0.0266375	0.000282135
0.434589	3	0.965753	0.000234235	0.026971	0.000282369
0.432676	4	0.961502	0.00017048	0.028123	0.000190254
0.423097	5	0.940215	0.00093054	0.0368693	0.00230868
0.40997	6	0.911045	0.00110871	0.0542844	0.000991381
0.427982	7	0.951071	0.000551667	0.0341168	0.000547067
0.430525	8	0.956722	0.000456911	0.024345	0.000425244
0.432105	9	0.960233	0.00101693	0.0276306	0.00166088
0.432066	10	0.960148	0.000965744	0.0243055	0.00116933
0.432994	11	0.962209	0.000397272	0.0245149	0.000424647
0.433677	12	0.963727	0.00036454	0.0242117	0.000398296
0.434317	13	0.96515	0.000383106	0.0230459	0.000404983
0.434417	14	0.96537	0.000435471	0.0242557	0.00047121
0.435121	15	0.966935	0.000371817	0.0242475	0.000411275
0.436087	16	0.969083	0.000300206	0.0227384	0.000343355
0.435859	17	0.968576	0.000332535	0.0218984	0.000345858
0.436124	18	0.969165	0.000355438	0.0229364	0.000399106
0.435927	19	0.968728	0.000307227	0.0218617	0.00032236
0.436472	20	0.969937	0.000380462	0.0223976	0.000400617
0.436668	21	0.970374	0.000336209	0.0222203	0.000377295
0.436937	22	0.970972	0.000330778	0.0212905	0.000354908
0.43736	23	0.971912	0.000299498	0.0224928	0.000341076
0.436151	24	0.969224	0.000305228	0.0229137	0.000310797
0.437069	25	0.971265	0.000262944	0.0228924	0.000308658
0.437149	26	0.971443	0.000310115	0.0227	0.000375729
0.435527	27	0.967838	0.000755434	0.0229467	0.000504031
0.470279	0	0.940559	0.000750504	0.0282715	0.00146351
0.481123	1	0.962246	0.000423741	0.0293716	0.000598264
0.482435	2	0.96487	0.00019623	0.0260308	0.000230668
0.482198	3	0.964396	0.00019967	0.027035	0.000241752
0.479784	4	0.959568	0.000160792	0.0277825	0.000169828
0.469546	5	0.939092	0.000218605	0.0369703	0.00020345
0.456046	6	0.912093	0.0010359	0.0479064	0.000958069
0.473603	7	0.947206	0.000559761	0.034617	0.000510275
0.476973	8	0.953946	0.000468469	0.0249256	0.000409477
0.477427	9	0.954854	0.00110776	0.0250793	0.00122137
0.479239	10	0.958478	0.000955744	0.0265529	0.00146352
0.479827	11	0.959655	0.000423203	0.0255045	0.000452728
0.481398	12	0.962797	0.000343714	0.0240669	0.000359112
0.481275	13	0.962551	0.000810715	0.0216721	0.000626373
0.481437	14	0.962873	0.000372339	0.0224606	0.000382487
0.481831	15	0.963662	0.000905111	0.0242972	0.000751473
0.483391	16	0.966782	0.000332954	0.0226149	0.000369545
0.483914	17	0.967828	0.00035268	0.0228083	0.000393046
0.484192	18	0.968384	0.000262218	0.0211636	0.000268989
0.48375	19	0.967501	0.000298144	0.0223763	0.000300115
0.484447	20	0.968893	0.000290231	0.0218723	0.000309877
0.484507	21	0.969014	0.000291374	0.0220753	0.000316992
0.484205	22	0.96841	0.000336199	0.0229594	0.00034296
0.484533	23	0.969066	0.000297404	0.0219132	0.000307566
0.484829	24	0.969657	0.000346537	0.0226253	0.000377033
0.484758	25	0.969515	0.00030234	0.0229104	0.000357675
0.484508	26	0.969017	0.000239147	0.0228662	0.000261741
0.48423	27	0.968459	0.000267901	0.0230065	0.000307763
0.515665	0	0.937573	0.00106525	0.0310703	0.00215824
0.527587	1	0.959249	0.00017549	0.0286852	0.000199251
0.530104	2	0.963826	0.000175085	0.0278838	0.000203732
0.529398	3	0.962541	0.000187213	0.0259474	0.000208881
0.526832	4	0.957876	0.000166897	0.0281893	0.000180642
0.514435	5	0.935337	0.0010602	0.0367307	0.00226676
0.50011	6	0.909291	0.00102011	0.056306	0.000982504
0.521103	7	0.94746	0.00126206	0.0354558	0.000925759
0.524473	8	0.953586	0.000452181	0.0246657	0.000398487
0.525588	9	0.955615	0.000423533	0.0245464	0.000392561
0.525513	10	0.955478	0.000442633	0.0249876	0.000409314
0.52705	11	0.958272	0.000375565	0.0241779	0.000357368
0.527633	12	0.959333	0.000377471	0.0234092	0.000353796
0.528592	13	0.961077	0.000338368	0.0226186	0.000328924
0.529331	14	0.96242	0.000353567	0.0230438	0.000346597
0.530167	15	0.96394	0.000824794	0.0227835	0.000661386
0.530058	16	0.963741	0.000315281	0.0227319	0.00031742
0.531091	17	0.965619	0.000783007	0.0231884	0.000602826
0.530792	18	0.965076	0.000300624	0.0213168	0.000297954
0.53198	19	0.967236	0.000299181	0.0224097	0.00031613
0.53161	20	0.966563	0.000281716	0.0222217	0.000286785
0.532622	21	0.968404	0.000604086	0.0214531	0.000471511
0.532254	22	0.967734	0.000276658	0.0224548	0.000308006
0.532376	23	0.967956	0.000286257	0.0230611	0.000329376
0.532215	24	0.967663	0.000247284	0.0222851	0.000259932
0.532775	25	0.968682	0.000269532	0.0226255	0.000316371
0.53234	26	0.967891	0.000256062	0.0235954	0.000300828
0.531034	27	0.965517	0.000314196	0.022893	0.000328841
0.561671	0	0.936118	0.00114568	0.0308563	0.00227637
0.574517	1	0.957528	0.000166957	0.0296239	0.000187218
0.576713	2	0.961188	0.000177848	0.0272827	0.000197685
0.576664	3	0.961107	0.000167955	0.0283116	0.000191985
0.573154	4	0.955256	0.000359508	0.0282648	0.000583656
0.559915	5	0.933192	0.000209787	0.0378426	0.000187022
0.54282	6	0.904699	0.00101837	0.0680872	0.00109498
0.566738	7	0.944564	0.000515205	0.0347798	0.000491515
0.570385	8	0.950641	0.000957039	0.0250137	0.00140589
0.571832	9	0.953054	0.000911655	0.024681	0.00141202
0.573192	10	0.95532	0.000871256	0.0237043	0.00116149
0.575249	11	0.958749	0.000853254	0.0264821	0.00138559
0.57469	12	0.957817	0.000365724	0.0224445	0.000334836
0.575786	13	0.959643	0.000364939	0.0221641	0.000343684
0.576506	14	0.960844	0.00035245	0.0231987	0.000352981
0.577834	15	0.963057	0.000736858	0.0224023	0.000630072
0.577659	16	0.962765	0.000289015	0.0220669	0.00027435
0.57762	17	0.9627	0.000659299	0.0230691	0.000568927
0.578162	18	0.963604	0.000275991	0.0229488	0.000274577
0.578787	19	0.964645	0.000253068	0.0220421	0.000245564
0.578993	20	0.964988	0.000252919	0.0222274	0.000255606
0.579816	21	0.966361	0.00027346	0.0224321	0.000286346
0.579441	22	0.965734	0.000251731	0.0220875	0.000253125
0.579328	23	0.965547	0.000269574	0.0220791	0.000279111
0.580245	24	0.967075	0.000270859	0.0226551	0.000305633
0.579558	25	0.96593	0.000641501	0.0221187	0.000451582
0.578857	26	0.964762	0.000266275	0.0231928	0.000281291
0.578524	27	0.964206	0.000278783	0.0225658	0.000288876
0.60895	0	0.936847	0.000287079	0.0303161	0.000241463
0.621135	1	0.955592	0.000383436	0.0281547	0.000592928
0.62396	2	0.959939	0.00016637	0.0279665	0.0001846
0.623612	3	0.959403	0.000157286	0.027589	0.000165154
0.620683	4	0.954897	0.00015346	0.0287156	0.000159621
0.605825	5	0.932038	0.000209128	0.0356525	0.000175104
0.585739	6	0.901138	0.00118386	0.0629521	0.0012188
0.612373	7	0.942112	0.00118305	0.0353359	0.000906068
0.618002	8	0.950773	0.000426256	0.0243278	0.000368557
0.619387	9	0.952904	0.00100836	0.0274472	0.0018649
0.619456	10	0.953009	0.000829821	0.0226278	0.00101552
0.622715	11	0.958023	0.00075085	0.0222859	0.000816181
0.622327	12	0.957426	0.0003527	0.0232162	0.000333079
0.622217	13	0.957256	0.000780585	0.0236934	0.000878355
0.624879	14	0.961352	0.000718834	0.0229423	0.000707138
0.624865	15	0.961331	0.000319925	0.0225825	0.000318838
0.62556	16	0.9624	0.000631078	0.0226381	0.000644072
0.625506	17	0.962316	0.000280262	0.0221764	0.000276645
0.625185	18	0.961823	0.000679586	0.0229423	0.000546997
0.625534	19	0.962361	0.000259779	0.0221507	0.000239129
0.626201	20	0.963386	0.000700515	0.0232724	0.000584626
0.627111	21	0.964787	0.000253226	0.0229627	0.000267186
0.626507	22	0.963857	0.000249998	0.0219208	0.000251921
0.626784	23	0.964282	0.000237379	0.0220879	0.00023934
0.62597	24	0.963031	0.00028103	0.0221436	0.00027738
0.626509	25	0.96386	0.00025641	0.0231526	0.00026469
0.626699	26	0.964152	0.000236758	0.0233784	0.000249976
0.625849	27	0.962845	0.000248367	0.0230516	0.000248216
0.652332	0	0.931902	0.000699638	0.0392433	0.00114685
0.668263	1	0.954661	0.000143469	0.0365593	0.000171827
0.671024	2	0.958605	0.000156051	0.0369898	0.000198955
0.67101	3	0.958585	0.000149588	0.0370127	0.000202762
0.666179	4	0.951684	0.000146991	0.0356112	0.000162548
0.646666	5	0.923808	0.000205909	0.0490222	0.000205896
0.631065	6	0.901522	0.000987504	0.0748981	0.00122869
0.658627	7	0.940896	0.00134626	0.0310592	0.00128649
0.664232	8	0.948903	0.00093285	0.0225175	0.00149999
0.667296	9	0.953279	0.000838665	0.0220765	0.00130271
0.668256	10	0.954652	0.000386522	0.0220654	0.000361129
0.66773	11	0.9539	0.000420478	0.0238578	0.000396422
0.670192	12	0.957417	0.000362114	0.0231392	0.000364067
0.670108	13	0.957297	0.000364701	0.0251971	0.000389982
0.672034	14	0.960049	0.000344257	0.02235	0.000375123
0.672002	15	0.960002	0.000424153	0.0223947	0.000468825
0.672616	16	0.96088	0.000341606	0.0225591	0.000362955
0.673529	17	0.962184	0.000315744	0.0229727	0.000358278
0.673916	18	0.962737	0.000719845	0.0234021	0.000855505
0.674335	19	0.963335	0.00032259	0.0240705	0.000415672
0.675309	20	0.964727	0.000294505	0.0223444	0.00035145
0.675105	21	0.964436	0.000714584	0.0226201	0.000717809
0.675047	22	0.964353	0.000716195	0.022536	0.0006983
0.674902	23	0.964146	0.000764487	0.0215864	0.000556499
0.674495	24	0.963565	0.00087627	0.023078	0.000742131
0.674091	25	0.962987	0.000738588	0.0220664	0.000567385
0.673131	26	0.961615	0.000279383	0.0212121	0.000283326
0.673254	27	0.961791	0.00029104	0.023567	0.00032402
0.698204	0	0.930939	0.00028841	0.0401193	0.000288614
0.714009	1	0.952012	0.000356032	0.036938	0.000463985
0.717283	2	0.956377	0.000413704	0.0379487	0.000564971
0.717139	3	0.956185	0.000155533	0.0384406	0.000200376
0.713152	4	0.950869	0.000146462	0.0367199	0.000169473
0.692487	5	0.923316	0.000200115	0.0469372	0.000194963
0.678727	6	0.90497	0.000944901	0.0543772	0.00093488
0.70556	7	0.940746	0.00114681	0.029551	0.00118737
0.712199	8	0.949598	0.000442293	0.0261999	0.00042597
0.713437	9	0.95125	0.000414877	0.0240201	0.000371974
0.714787	10	0.953049	0.000844479	0.0217453	0.00129609
0.716566	11	0.955422	0.000350626	0.0244378	0.000351969
0.717102	12	0.956136	0.000856159	0.0228307	0.00110893
0.717521	13	0.956695	0.000763935	0.0214822	0.000923132
0.71924	14	0.958986	0.000333786	0.0247281	0.000380337
0.718746	15	0.958328	0.000380531	0.0220986	0.000388901
0.720003	16	0.960004	0.000334099	0.0230738	0.000379653
0.720119	17	0.960158	0.000318561	0.0221758	0.000340474
0.720452	18	0.960602	0.000309888	0.0215499	0.000321517
0.720559	19	0.960745	0.000362615	0.0224025	0.000396634
0.720643	20	0.960858	0.000317103	0.0223189	0.000337069
0.722018	21	0.962691	0.000271101	0.0220206	0.000299267
0.722507	22	0.963342	0.000268901	0.0213399	0.000285715
0.721943	23	0.962591	0.000647566	0.02211	0.000652566
0.723115	24	0.964154	0.00025467	0.0215041	0.000293389
0.720816	25	0.961088	0.000283766	0.0231145	0.000305659
0.720259	26	0.960346	0.00078856	0.02257	0.000586484
0.720869	27	0.961158	0.000725121	0.0225775	0.000620152
0.742254	0	0.927817	0.000693453	0.0410525	0.00125916
0.761413	1	0.951766	0.000384172	0.0380773	0.000546711
0.764852	2	0.956065	0.000156143	0.0377328	0.000208527
0.76423	3	0.955287	0.00015695	0.0380437	0.000211718
0.760444	4	0.950556	0.000149053	0.0399095	0.000197521
0.736599	5	0.920749	0.000201822	0.0499159	0.00019893
0.721953	6	0.902441	0.000914199	0.0534198	0.000865298
0.754408	7	0.94301	0.00124708	0.0328008	0.000838277
0.758747	8	0.948433	0.000744647	0.0207896	0.000896349
0.760241	9	0.950302	0.000857423	0.0235298	0.00132999
0.761024	10	0.951281	0.000759668	0.0239083	0.00119816
0.763282	11	0.954103	0.000345358	0.0243643	0.000320823
0.764894	12	0.956118	0.000699995	0.0229607	0.000879213
0.764922	13	0.956152	0.000752667	0.0242866	0.00101126
0.766115	14	0.957644	0.000302358	0.0224684	0.000273547
0.766367	15	0.957958	0.0003087	0.0224136	0.000297979
0.766669	16	0.958337	0.00030282	0.0242575	0.000300929
0.7669	17	0.958625	0.000643561	0.0213027	0.00055198
0.768126	18	0.960157	0.000657048	0.0227918	0.0006298
0.76824	19	0.960301	0.00026676	0.0230776	0.000261261
0.769441	20	0.961801	0.00065155	0.0225529	0.000610371
0.767837	21	0.959797	0.000261635	0.0222794	0.000244919
0.768392	22	0.96049	0.000244164	0.0222702	0.000229507
0.768785	23	0.960981	0.000227472	0.0230627	0.000221581
0.768946	24	0.961183	0.000242172	0.0224546	0.000240446
0.76918	25	0.961475	0.000223193	0.0231743	0.000227109
0.769024	26	0.961279	0.000231342	0.0245365	0.000236498
0.767691	27	0.959614	0.000588109	0.0235619	0.000668796
0.788641	0	0.927813	0.000289343	0.0371486	0.000262958
0.80645	1	0.948764	0.000369178	0.0400377	0.000566
0.810167	2	0.953137	0.000148191	0.0395206	0.0001802
0.809807	3	0.952714	0.000153373	0.0394545	0.000191665
0.805285	4	0.947394	0.000148975	0.0393189	0.000175214
0.781812	5	0.919779	0.000199349	0.0486875	0.000194998
0.762016	6	0.896489	0.000955816	0.0585507	0.000938927
0.797677	7	0.938443	0.000523794	0.0302147	0.000481762
0.803014	8	0.944722	0.000459042	0.0280877	0.000404879
0.808011	9	0.950601	0.000380578	0.0234298	0.000335947
0.810022	10	0.952967	0.00084383	0.0236728	0.00144318
0.809185	11	0.951982	0.000821526	0.0225222	0.00115252
0.811492	12	0.954697	0.000776678	0.0216443	0.000969097
0.812362	13	0.95572	0.00074902	0.0224401	0.00111111
0.812454	14	0.955829	0.000318504	0.0223178	0.000301825
0.812898	15	0.95635	0.000321859	0.0207833	0.000294497
0.814832	16	0.958625	0.000288805	0.0228786	0.000302952
0.815304	17	0.959181	0.00079632	0.0235184	0.000871752
0.816596	18	0.960701	0.000265436	0.0223323	0.000282906
0.816421	19	0.960496	0.000751616	0.0241023	0.0008718
0.816334	20	0.960393	0.000292997	0.0223761	0.000308596
0.816344	21	0.960405	0.000257159	0.0220856	0.000269748
0.816033	22	0.960039	0.000673105	0.0221732	0.000666014
0.81718	23	0.961388	0.000660518	0.0219756	0.000565237
0.816469	24	0.960552	0.000274731	0.0237356	0.000306432
0.816652	25	0.960767	0.00066555	0.0227608	0.000680989
0.815874	26	0.959851	0.000252132	0.0215994	0.000251584
0.81533	27	0.959212	0.00069257	0.0239884	0.000826772
0.834912	0	0.92768	0.000707655	0.0410134	0.00133006
0.854365	1	0.949295	0.000423447	0.0407329	0.000651598
0.858095	2	0.953439	0.000153147	0.0408375	0.000211898
0.856589	3	0.951766	0.000154528	0.0408803	0.000203052
0.852763	4	0.947515	0.000151337	0.0401794	0.000193335
0.827172	5	0.91908	0.000196772	0.0484337	0.000191327
0.808747	6	0.898607	0.000893503	0.048897	0.000850547
0.845486	7	0.939429	0.00103239	0.0308939	0.000701645
0.854276	8	0.949195	0.000392985	0.0235471	0.000342267
0.853993	9	0.948882	0.000866134	0.0234409	0.00143572
0.855768	10	0.950854	0.000758384	0.0234193	0.00118613
0.857558	11	0.952842	0.000687559	0.0252808	0.0012345
0.858674	12	0.954083	0.000334303	0.0231678	0.000309154
0.858393	13	0.95377	0.000660316	0.023336	0.00101359
0.859226	14	0.954696	0.000622041	0.023115	0.000807475
0.860651	15	0.956278	0.000687901	0.0228522	0.000740461
0.861054	16	0.956727	0.000269092	0.0230939	0.000243925
0.862667	17	0.958519	0.000244538	0.0218688	0.000229133
0.862943	18	0.958826	0.000251819	0.0231799	0.000249926
0.86378	19	0.959755	0.000235825	0.0228881	0.000235537
0.863432	20	0.959369	0.000605471	0.0220289	0.00056814
0.863549	21	0.959499	0.000236628	0.0226274	0.000226038
0.863596	22	0.959551	0.000230593	0.0223578	0.000218244
0.864395	23	0.960438	0.000214271	0.0225198	0.000203578
0.863754	24	0.959726	0.000241841	0.0226564	0.000249732
0.863711	25	0.959679	0.000224373	0.0224758	0.000225647
0.862275	26	0.958084	0.000240982	0.0233693	0.000236638
0.862935	27	0.958816	0.000230244	0.023619	0.000229488
0.878978	0	0.92524	0.000275619	0.0419781	0.000270222
0.90022	1	0.9476	0.000405706	0.0410712	0.000665207
0.904734	2	0.952352	0.00015129	0.0410235	0.000212266
0.902602	3	0.950107	0.000156649	0.0421729	0.000207806
0.898319	4	0.945599	0.000387421	0.042077	0.000741734
0.870858	5	0.916692	0.000198458	0.0491521	0.000189737
0.853395	6	0.89831	0.00197413	0.0463642	0.00365837
0.889395	7	0.936205	0.00118118	0.0306859	0.00134889
0.898177	8	0.94545	0.000777034	0.0197032	0.00116948
0.900832	9	0.948245	0.000392927	0.0223365	0.000332078
0.901314	10	0.948751	0.00040465	0.0232936	0.000357085
0.904226	11	0.951816	0.000364627	0.0248238	0.000351059
0.905677	12	0.953345	0.000323969	0.0257215	0.000318096
0.905195	13	0.952837	0.000850745	0.022246	0.001104
0.907805	14	0.955584	0.000316858	0.0224754	0.00030739
0.908246	15	0.956048	0.000309789	0.0232551	0.000312336
0.909646	16	0.957522	0.00028963	0.0217485	0.000299989
0.909704	17	0.957583	0.000279362	0.0220726	0.000284832
0.910351	18	0.958264	0.000272213	0.0215244	0.000265116
0.910845	19	0.958784	0.000259216	0.0215188	0.000255179
0.910703	20	0.958635	0.00060901	0.0221818	0.000665785
0.911007	21	0.958954	0.000262833	0.0223127	0.000264431
0.910777	22	0.958713	0.000246485	0.0211782	0.000238056
0.911291	23	0.959254	0.000251561	0.0229202	0.000263386
0.910777	24	0.958713	0.000252424	0.0222195	0.000246373
0.911016	25	0.958964	0.000253308	0.025315	0.000295431
0.910758	26	0.958693	0.00057542	0.0220525	0.000719723
0.910323	27	0.958235	0.000564448	0.0234702	0.000860604
0.924878	0	0.924878	0.000276731	0.0419919	0.000277688
0.946301	1	0.946301	0.000386576	0.040522	0.000639515
0.950572	2	0.950572	0.000153545	0.0412882	0.000202625
0.94995	3	0.94995	0.000155268	0.0425584	0.000212354
0.944205	4	0.944205	0.000376479	0.0417375	0.00066832
0.914318	5	0.914318	0.000196134	0.0538589	0.000197142
0.897252	6	0.897252	0.000900872	0.0451063	0.000765417
0.935297	7	0.935297	0.00114775	0.0303074	0.00125475
0.945237	8	0.945237	0.000999343	0.0229199	0.00214425
0.94911	9	0.94911	0.000731466	0.0201992	0.00112712
0.948295	10	0.948295	0.000768675	0.0213603	0.00121982
0.950871	11	0.950871	0.000750537	0.0222617	0.00115065
0.953034	12	0.953034	0.000670623	0.0221951	0.00116971
0.954093	13	0.954093	0.000316716	0.022894	0.000305652
0.953367	14	0.953367	0.000759657	0.0216306	0.000907434
0.954702	15	0.954702	0.000313762	0.0222739	0.000293643
0.956522	16	0.956522	0.000296692	0.0245655	0.0003245
0.956933	17	0.956933	0.000624444	0.0227829	0.000835112
0.957554	18	0.957554	0.000606228	0.0216581	0.000710951
0.957264	19	0.957264	0.000256046	0.0227389	0.000255642
0.958185	20	0.958185	0.000571788	0.0217903	0.000702422
0.958903	21	0.958903	0.000541493	0.0222592	0.000759298
0.958731	22	0.958731	0.000702304	0.0219574	0.000597475
0.957537	23	0.957537	0.000272369	0.0234624	0.000286187
0.958116	24	0.958116	0.000552394	0.0228337	0.000740431
0.959054	25	0.959054	0.000557731	0.0219572	0.000642337
0.957242	26	0.957242	0.000659783	0.0231428	0.000758068
0.957302	27	0.957302	0.000639966	0.0234872	0.000794677
0.970212	0	0.924011	0.000727491	0.0422284	0.0016374
0.991834	1	0.944604	0.000380324	0.0403535	0.000623166
0.995094	2	0.947709	0.00015306	0.0411251	0.000187069
0.99648	3	0.949029	0.000151377	0.0421731	0.00020515
0.990591	4	0.94342	0.000142307	0.0423348	0.000173961
0.959182	5	0.913507	0.000196475	0.0517709	0.000191522
0.938797	6	0.894092	0.000945545	0.055174	0.000946782
0.984103	7	0.937241	0.000447615	0.0272399	0.000389306
0.992136	8	0.944891	0.00041508	0.0209213	0.000338361
0.993804	9	0.94648	0.000384655	0.0223278	0.000310208
0.995383	10	0.947984	0.000366861	0.0211923	0.000300315
0.997188	11	0.949703	0.000677135	0.0219381	0.000887631
0.998044	12	0.950518	0.00067041	0.0234628	0.00097516
0.99951	13	0.951915	0.000610753	0.0218095	0.000870861
1.00158	14	0.953882	0.000287395	0.0237047	0.000270474
1.00151	15	0.953814	0.00061882	0.0224668	0.000880356
1.00262	16	0.954879	0.00055425	0.0226157	0.000773523
1.00288	17	0.955123	0.000264067	0.0224967	0.000233515
1.00407	18	0.956262	0.000495595	0.02208	0.000631995
1.00467	19	0.956832	0.000237968	0.0217199	0.00021203
1.00339	20	0.955609	0.000521279	0.0230913	0.000678186
1.0048	21	0.956949	0.000242128	0.0226081	0.000222779
1.00513	22	0.95727	0.00049482	0.0227338	0.000617897
1.00486	23	0.957006	0.000222047	0.0225938	0.000199002
1.00596	24	0.958057	0.000477133	0.0221606	0.000562772
1.00422	25	0.956396	0.000502775	0.0234414	0.000571945
1.00444	26	0.956608	0.000224275	0.0230171	0.000202857
1.0033	27	0.955521	0.000514101	0.0224371	0.000524761
1.01526	0	0.922964	0.000269199	0.0428226	0.000269465
1.0382	1	0.943821	0.000382392	0.0425092	0.000679271
1.0426	2	0.947815	0.000160057	0.0427094	0.000214744
1.04135	3	0.946683	0.000147307	0.0418519	0.000181409
1.03601	4	0.941827	0.000141377	0.0411598	0.000163295
1.00395	5	0.912685	0.000191347	0.0528604	0.000188038
0.980883	6	0.891711	0.000962314	0.0506934	0.000856517
1.0307	7	0.936997	0.000459426	0.0297508	0.000395955
1.039	8	0.944546	0.000830469	0.0229248	0.00155492
1.04107	9	0.94643	0.000394158	0.0255824	0.000357676
1.04342	10	0.948568	0.000859705	0.024588	0.00158368
1.04499	11	0.949991	0.00081314	0.0270517	0.00168584
1.04645	12	0.951319	0.000668933	0.0230113	0.000988572
1.04739	13	0.952173	0.000623308	0.0220992	0.000943295
1.04769	14	0.952441	0.000298755	0.0213485	0.000246609
1.04936	15	0.953959	0.000595937	0.02389	0.000924207
1.05	16	0.954543	0.000543391	0.021571	0.000647271
1.05108	17	0.955527	0.000533381	0.021503	0.000635537
1.04965	18	0.954224	0.000517909	0.0215772	0.000536125
1.05168	19	0.956074	0.00050311	0.0221552	0.000640748
1.05209	20	0.956448	0.000467084	0.0218403	0.000549707
1.05261	21	0.956922	0.00051399	0.0223921	0.000578897
1.05248	22	0.956798	0.000224211	0.0226909	0.000205901
1.05262	23	0.956929	0.000494039	0.0227512	0.000639499
1.05199	24	0.956351	0.000477631	0.0217015	0.000507459
1.05175	25	0.956133	0.000213574	0.0233108	0.000194488
1.05114	26	0.955582	0.000490773	0.0226814	0.000618447
1.05167	27	0.956066	0.000232066	0.0240939	0.000222225
1.06025	0	0.921953	0.000269427	0.044355	0.000279525
1.08487	1	0.943364	0.00039356	0.0413226	0.00065937
1.08932	2	0.947231	0.000156119	0.0409978	0.000195676
1.08694	3	0.945167	0.000149205	0.0445186	0.000189218
1.08167	4	0.940584	0.000387865	0.0434559	0.000747236
1.04975	5	0.912826	0.000191776	0.0485888	0.000181084
1.03022	6	0.895847	0.000869657	0.0536863	0.000896432
1.07533	7	0.935067	0.000468477	0.0284922	0.000408339
1.08509	8	0.943556	0.000412564	0.0229416	0.000327094
1.08664	9	0.944903	0.000389176	0.0230291	0.000322
1.09056	10	0.948314	0.00033606	0.0252393	0.000308656
1.0916	11	0.949216	0.000710785	0.0238005	0.00118969
1.09213	12	0.949677	0.000735468	0.0238919	0.00123852
1.09291	13	0.950354	0.000606022	0.0239087	0.00113765
1.09493	14	0.952111	0.000285882	0.0222534	0.000248966
1.09553	15	0.952639	0.000638039	0.0232439	0.000870895
1.09679	16	0.953733	0.000263486	0.0234378	0.000230659
1.09778	17	0.954592	0.000243798	0.0208141	0.000205524
1.09826	18	0.955013	0.000245342	0.0220682	0.000219433
1.09943	19	0.956022	0.000509789	0.0209509	0.000517203
1.0991	20	0.955743	0.000230645	0.0223244	0.000203089
1.09872	21	0.955413	0.000232394	0.0220407	0.000205151
1.09957	22	0.956149	0.000227464	0.0234471	0.000210932
1.10001	23	0.956532	0.000219337	0.0221977	0.000191869
1.09872	24	0.955409	0.000218515	0.0218557	0.000189989
1.09863	25	0.955332	0.000215316	0.0216479	0.000183618
1.09925	26	0.95587	0.000478759	0.0225617	0.000651116
1.09754	27	0.954385	0.000470437	0.0225792	0.000626516
1.1084	0	0.92367	0.00025853	0.0444631	0.000289248
1.13501	1	0.945842	0.000653976	0.0404956	0.00073897
1.14111	2	0.950927	0.000254354	0.0421697	0.000489503
1.13903	3	0.949193	0.000256911	0.0467065	0.000540581
1.13345	4	0.944546	0.000203163	0.0465027	0.000378562
1.09298	5	0.910821	0.000208548	0.0554329	0.000229904
1.06543	6	0.88786	0.00214468	0.0535277	0.00200056
1.12136	7	0.934469	0.000480912	0.0314272	0.000420307
1.13468	8	0.945568	0.000872415	0.0219324	0.0018479
1.13473	9	0.945608	0.000381006	0.0229774	0.000317901
1.13696	10	0.947467	0.000362243	0.0226913	0.000305164
1.13842	11	0.948687	0.000702912	0.0218052	0.00117407
1.14125	12	0.951045	0.000744349	0.0230013	0.00153413
1.14085	13	0.950707	0.00066831	0.0217288	0.00103196
1.14134	14	0.951118	0.000306586	0.0236024	0.000274864
1.14388	15	0.953235	0.000634783	0.0223056	0.00097476
1.14637	16	0.955308	0.000582852	0.0217079	0.000892885
1.14458	17	0.953816	0.000609804	0.0228059	0.000993553
1.14444	18	0.953696	0.000633952	0.023507	0.00095082
1.14741	19	0.956174	0.000550127	0.0226172	0.000856181
1.14615	20	0.955128	0.000518234	0.0218261	0.000804884
1.147	21	0.955832	0.000528197	0.0237761	0.000995308
1.14614	22	0.955113	0.000513621	0.0216494	0.000625741
1.14745	23	0.956209	0.000577141	0.0220439	0.000656484
1.14649	24	0.955411	0.000485034	0.0212876	0.000624878
1.14623	25	0.95519	0.00050667	0.0218156	0.000703034
1.14582	26	0.954853	0.000512034	0.0211548	0.000623331
1.14525	27	0.954377	0.000533557	0.0230932	0.000793081
1.15314	0	0.922511	0.000256502	0.0415653	0.000262831
1.17607	1	0.94086	0.000378373	0.038999	0.000523982
1.18057	2	0.944459	0.000150779	0.0405126	0.000174315
1.18031	3	0.94425	0.00015014	0.0428525	0.000185596
1.17338	4	0.938703	0.000144552	0.0420213	0.000167804
1.13712	5	0.909693	0.00018942	0.0541155	0.000188911
1.11455	6	0.891641	0.000920507	0.0470243	0.000807614
1.16805	7	0.934443	0.000452034	0.0287686	0.000373572
1.17759	8	0.942072	0.000812643	0.0216481	0.0015087
1.18264	9	0.946113	0.000871622	0.0245193	0.00213792
1.18252	10	0.946014	0.000946838	0.0265647	0.00219683
1.18459	11	0.947676	0.000329836	0.0234207	0.000302863
1.18688	12	0.949501	0.000621038	0.0212147	0.000840978
1.18791	13	0.950325	0.000307286	0.0223294	0.000255704
1.18972	14	0.951776	0.000285259	0.0229541	0.000257815
1.19076	15	0.952611	0.000548608	0.0227097	0.000922536
1.19002	16	0.952019	0.000539593	0.0229531	0.000809082
1.19134	17	0.953069	0.000553243	0.0216284	0.000662529
1.19298	18	0.954384	0.000492502	0.0218522	0.000628896
1.19294	19	0.954353	0.000237792	0.0229571	0.000210446
1.19345	20	0.954762	0.00046801	0.0214413	0.000505255
1.19307	21	0.954458	0.000454949	0.0221033	0.00060519
1.19406	22	0.955246	0.000217271	0.0216261	0.000192415
1.1943	23	0.955442	0.000463845	0.0219104	0.000546991
1.19385	24	0.955083	0.000215125	0.02152	0.00018395
1.19321	25	0.954565	0.000212867	0.0233793	0.000190766
1.19335	26	0.95468	0.000213137	0.0230602	0.000191866
1.19188	27	0.953505	0.00022387	0.0222963	0.000188517
1.19804	0	0.921573	0.000265384	0.0421527	0.000277472
1.22694	1	0.943801	0.00063789	0.0407827	0.000710125
1.2291	2	0.945459	0.000886587	0.0419578	0.000814335
1.22853	3	0.945023	0.000307327	0.0437072	0.000491465
1.22492	4	0.942248	0.000629581	0.0474787	0.00126986
1.18331	5	0.910241	0.00019621	0.0498965	0.000195335
1.15168	6	0.885907	0.00088116	0.0586187	0.000861542
1.21432	7	0.934089	0.000443094	0.0312905	0.000401889
1.22303	8	0.940794	0.000455874	0.0238622	0.000379376
1.22703	9	0.943871	0.000381624	0.0226682	0.000311393
1.23037	10	0.946439	0.000780616	0.0210049	0.00149451
1.23184	11	0.947567	0.00068707	0.0211639	0.00118525
1.23356	12	0.948891	0.000658956	0.0215485	0.00119939
1.23582	13	0.950628	0.000664393	0.0214872	0.00122273
1.23704	14	0.95157	0.000630416	0.0218405	0.00103832
1.23643	15	0.951102	0.000569097	0.0208795	0.000795636
1.2384	16	0.952619	0.000608157	0.0226902	0.000976369
1.23793	17	0.952256	0.000681608	0.0212466	0.000774028
1.24037	18	0.954129	0.000245275	0.0210001	0.000218929
1.23916	19	0.9532	0.000547969	0.0218643	0.000820549
1.24062	20	0.954325	0.000250599	0.0209899	0.000231199
1.24105	21	0.954651	0.000512181	0.0214018	0.000760572
1.24174	22	0.955187	0.00054535	0.0222826	0.00076182
1.24141	23	0.954934	0.000481118	0.0222764	0.00069931
1.24116	24	0.954736	0.000480913	0.0218117	0.000654702
1.24107	25	0.954672	0.000467159	0.0220103	0.000697417
1.24018	26	0.953988	0.000553347	0.0231433	0.000829676
1.23946	27	0.953434	0.000497008	0.0208152	0.00068105
1.24277	0	0.920567	0.000266976	0.0428281	0.000285858
1.27213	1	0.942315	0.000193212	0.0404949	0.00028029
1.27574	2	0.944989	0.000273017	0.040064	0.000401355
1.27694	3	0.945882	0.000253935	0.0419991	0.000418482
1.26925	4	0.940184	0.000202814	0.0442463	0.000322948
1.22792	5	0.909573	0.000190871	0.0522292	0.000196275
1.19969	6	0.888657	0.000862537	0.0530908	0.00080431
1.2604	7	0.933628	0.00045037	0.0303775	0.000387678
1.26875	8	0.939812	0.000390998	0.0335081	0.000393952
1.27383	9	0.943579	0.000370179	0.0276503	0.000346536
1.27709	10	0.945993	0.000357208	0.0207233	0.00028726
1.27783	11	0.946538	0.000741439	0.0224835	0.00146491
1.28134	12	0.949138	0.00066632	0.0224614	0.00126397
1.28096	13	0.948861	0.00067967	0.023846	0.00144771
1.28287	14	0.950277	0.00062322	0.0228511	0.00112795
1.28437	15	0.951387	0.000288754	0.0233281	0.000262184
1.28735	16	0.953595	0.000571577	0.0217471	0.00090552
1.28627	17	0.952792	0.000610023	0.0232465	0.00100167
1.28591	18	0.952528	0.000567501	0.0225614	0.000866442
1.2881	19	0.954149	0.000537655	0.0223449	0.000796827
1.28713	20	0.953428	0.00055015	0.0236525	0.0010508
1.28926	21	0.955008	0.000521256	0.0221571	0.000698218
1.28777	22	0.9539	0.000505671	0.0209395	0.000717144
1.28927	23	0.955013	0.000528318	0.0215387	0.000640295
1.28814	24	0.954179	0.000238407	0.0225796	0.000235161
1.28804	25	0.954105	0.000547779	0.023386	0.00092833
1.28791	26	0.954005	0.000223925	0.0229446	0.000214383
1.28597	27	0.952569	0.000495414	0.0222745	0.000741479
1.28634	0	0.918812	0.000257814	0.0411032	0.000251356
1.31428	1	0.938774	0.000340068	0.0377987	0.00045965
1.31839	2	0.941708	0.000158438	0.0398699	0.00017753
1.31861	3	0.941861	0.000149026	0.040149	0.000169845
1.31092	4	0.936373	0.000141806	0.0421828	0.000156208
1.27189	5	0.908495	0.000182306	0.051289	0.000177916
1.24092	6	0.886374	0.00212089	0.0444858	0.00416217
1.30791	7	0.934218	0.000934914	0.0286248	0.00115052
1.31724	8	0.940882	0.000391655	0.0269285	0.000365928
1.3224	9	0.944569	0.000354713	0.0216119	0.000287334
1.32391	10	0.945649	0.000345543	0.0222429	0.000301844
1.32532	11	0.946656	0.00066258	0.0222572	0.00107737
1.32614	12	0.947239	0.000319197	0.0221203	0.000264844
1.32788	13	0.948485	0.000646462	0.0228221	0.00103687
1.32942	14	0.949585	0.000283872	0.0218727	0.000236078
1.33122	15	0.95087	0.000557878	0.0223283	0.000800468
1.33285	16	0.952036	0.000522093	0.0213576	0.000690144
1.33237	17	0.95169	0.000251519	0.0220181	0.00022
1.33386	18	0.952755	0.000505327	0.0224276	0.000696485
1.33453	19	0.953238	0.000229443	0.021295	0.000191794
1.33461	20	0.953292	0.000461848	0.0220144	0.000600314
1.33481	21	0.953438	0.000470759	0.0207639	0.000495925
1.33659	22	0.954707	0.000210711	0.0212443	0.000180022
1.3343	23	0.953069	0.000456758	0.0212533	0.000496016
1.33505	24	0.953605	0.000211602	0.0221007	0.000178046
1.33456	25	0.953255	0.000457658	0.0217626	0.000584049
1.33395	26	0.952821	0.000446508	0.0222452	0.000597445
1.33402	27	0.952873	0.000456	0.0213932	0.000512595
1.33306	0	0.91935	0.000751046	0.0435254	0.00185863
1.36311	1	0.940077	0.000648206	0.038745	0.000636457
1.36844	2	0.943755	0.000284035	0.0412642	0.000426611
1.3679	3	0.94338	0.000233872	0.0422757	0.000368256
1.36063	4	0.938366	0.000200671	0.0430888	0.000302475
1.31745	5	0.908589	0.000731123	0.0478767	0.00197779
1.28575	6	0.886723	0.000845194	0.0519698	0.000757599
1.35467	7	0.934253	0.000882803	0.030166	0.000746466
1.364	8	0.940692	0.00040847	0.0247447	0.000354684
1.36889	9	0.94406	0.000816827	0.0214655	0.00157496
1.37139	10	0.945783	0.000787934	0.02214	0.00167613
1.37092	11	0.945459	0.000940162	0.0243341	0.0021463
1.3755	12	0.948622	0.000661614	0.0215558	0.00118284
1.37465	13	0.948035	0.000642222	0.0219016	0.00120062
1.37647	14	0.949289	0.000701477	0.0233458	0.00145634
1.37744	15	0.94996	0.00062018	0.0221211	0.0010937
1.3784	16	0.950624	0.000577166	0.022357	0.00105328
1.37962	17	0.951465	0.000552477	0.020996	0.000753803
1.38061	18	0.952148	0.000541278	0.021197	0.000842886
1.38162	19	0.952841	0.000506203	0.0201304	0.000589333
1.38357	20	0.954184	0.000482848	0.0210621	0.000662641
1.38195	21	0.953071	0.000524337	0.0214867	0.00074989
1.38251	22	0.953458	0.000216835	0.0213002	0.000189342
1.38175	23	0.952934	0.000485374	0.0222209	0.000795253
1.38216	24	0.953215	0.00048891	0.0222638	0.000762977
1.38325	25	0.953964	0.000480722	0.0223126	0.000733146
1.38236	26	0.953352	0.000223453	0.0208825	0.000201775
1.38086	27	0.952314	0.000487456	0.0216457	0.000788103
1.3771	0	0.918069	0.000259922	0.0401329	0.000248512
1.40984	1	0.939895	0.000544022	0.0379719	0.000577981
1.41483	2	0.943222	0.000251229	0.0383844	0.000347251
1.41479	3	0.943191	0.000698781	0.0413579	0.000851004
1.40592	4	0.937281	0.000193832	0.0431754	0.000284601
1.36279	5	0.908525	0.00080729	0.0492686	0.00194702
1.32865	6	0.885766	0.00204892	0.0553432	0.0023025
1.39786	7	0.931906	0.00086426	0.0280853	0.000571385
1.40432	8	0.936212	0.000420327	0.0300794	0.000377799
1.41609	9	0.944058	0.000362409	0.0216419	0.000293057
1.41458	10	0.94305	0.000927949	0.0235794	0.00182942
1.41822	11	0.945478	0.000820407	0.0221464	0.00153926
1.42107	12	0.947383	0.00065131	0.0212046	0.00108711
1.42192	13	0.947947	0.000695309	0.0237149	0.00152394
1.42424	14	0.949495	0.000626188	0.0226526	0.00113394
1.42398	15	0.949319	0.000279077	0.0215517	0.000241042
1.42674	16	0.951162	0.000550224	0.0216555	0.00103452
1.427	17	0.951336	0.000583463	0.0225128	0.000975755
1.42751	18	0.951673	0.000253113	0.0219392	0.0002198
1.42809	19	0.952063	0.000468243	0.0204562	0.000643691
1.42976	20	0.953173	0.00050244	0.0217018	0.000735686
1.42791	21	0.951943	0.00047777	0.0208932	0.000765569
1.42925	22	0.952831	0.000476933	0.0212434	0.000645506
1.42989	23	0.953259	0.000427358	0.0206481	0.000598951
1.42843	24	0.952284	0.000469412	0.020994	0.000604352
1.42869	25	0.952461	0.000462619	0.0217568	0.000797348
1.42826	26	0.952171	0.000470808	0.021185	0.000651136
1.42759	27	0.951728	0.000472576	0.0207353	0.000745559
1.42354	0	0.91841	0.000688171	0.0406361	0.00165433
1.45601	1	0.93936	0.000192465	0.0385814	0.000257128
1.45853	2	0.940986	0.000266372	0.0378841	0.000340534
1.45958	3	0.941667	0.000245279	0.0397301	0.000350891
1.45227	4	0.936946	0.000186621	0.0420719	0.000265665
1.406	5	0.907098	0.000843614	0.0480256	0.00200256
1.37878	6	0.889533	0.000799282	0.0525713	0.000755581
1.44344	7	0.931253	0.000432456	0.0283711	0.000356993
1.45828	8	0.940825	0.000419648	0.0214032	0.000328118
1.46216	9	0.943327	0.000893621	0.0226084	0.00173158
1.46354	10	0.944217	0.000701007	0.0204576	0.00126048
1.46423	11	0.944667	0.000776312	0.0224939	0.0014372
1.4666	12	0.946191	0.000760113	0.023323	0.00149044
1.4693	13	0.947935	0.000303701	0.0231369	0.000262181
1.47111	14	0.949101	0.000618656	0.0222331	0.00106354
1.47138	15	0.949275	0.000630853	0.0224683	0.00132923
1.47305	16	0.950357	0.000582573	0.0230425	0.00109485
1.4735	17	0.950644	0.000515556	0.0211686	0.000827035
1.47498	18	0.951598	0.000503642	0.0211044	0.000822147
1.47588	19	0.952179	0.000512216	0.0210522	0.000843937
1.47591	20	0.952202	0.000526622	0.0215928	0.000808399
1.47732	21	0.95311	0.000474785	0.0213799	0.000736757
1.4759	22	0.952192	0.000466729	0.0216	0.00070307
1.47852	23	0.953885	0.000458891	0.0204527	0.000647406
1.47558	24	0.951984	0.000462938	0.0208606	0.000669382
1.4756	25	0.951997	0.000477844	0.0213946	0.000696552
1.47605	26	0.952289	0.000513854	0.021215	0.000687356
1.476	27	0.952256	0.000501177	0.0213911	0.000747843
1.46864	0	0.917902	0.000249714	0.0404607	0.000241623
1.50108	1	0.938173	0.000523962	0.0359347	0.000473747
1.50555	2	0.940966	0.000240004	0.0375184	0.000312787
1.50451	3	0.94032	0.000230958	0.0394568	0.000318374
1.49706	4	0.935661	0.000193927	0.0421726	0.000269448
1.45222	5	0.90764	0.000178136	0.0450027	0.000161981
1.41516	6	0.884473	0.00201776	0.0514539	0.00188067
1.48961	7	0.931005	0.000930229	0.0292469	0.000597521
1.50495	8	0.940596	0.000401725	0.0202557	0.000303044
1.50735	9	0.942092	0.000367311	0.0229769	0.000315043
1.51047	10	0.944046	0.00080379	0.0221656	0.00169927
1.51251	11	0.945317	0.000827131	0.0220775	0.00176448
1.51469	12	0.946681	0.000724652	0.0213437	0.0014684
1.51431	13	0.946447	0.000663156	0.0223996	0.00131037
1.51737	14	0.948357	0.000617877	0.0215969	0.00130637
1.5185	15	0.949061	0.000635305	0.0223526	0.0012629
1.51899	16	0.949366	0.000537598	0.0215938	0.000967196
1.5212	17	0.950752	0.000511712	0.0212627	0.000905481
1.52262	18	0.95164	0.000503667	0.0212071	0.000737708
1.52321	19	0.952008	0.000233444	0.0194417	0.000195937
1.5234	20	0.952127	0.000231195	0.0224422	0.000204936
1.52311	21	0.951942	0.000226253	0.0213792	0.000194527
1.52385	22	0.952404	0.000459354	0.0205502	0.000655428
1.52449	23	0.952804	0.000216598	0.0210338	0.000191234
1.52377	24	0.952354	0.000474277	0.0217509	0.000706759
1.52289	25	0.951809	0.000211539	0.0208378	0.000183078
1.5221	26	0.951313	0.00022385	0.0213569	0.000192818
1.52222	27	0.951386	0.000450844	0.0194568	0.000600584
1.51284	0	0.916874	0.000697516	0.0429895	0.00171492
1.54702	1	0.937589	0.000500982	0.0349727	0.000399756
1.5509	2	0.939938	0.000250147	0.0369864	0.000312263
1.55042	3	0.939651	0.000216657	0.0397549	0.00029351
1.54242	4	0.934797	0.000167341	0.039613	0.00020269
1.49615	5	0.906757	0.000182221	0.0451396	0.000164567
1.46606	6	0.88852	0.000786319	0.052896	0.000819757
1.5368	7	0.931393	0.000430464	0.0290891	0.000362554
1.55094	8	0.939961	0.0010225	0.0212739	0.00222689
1.55282	9	0.941105	0.00105769	0.0214477	0.00220574
1.55726	10	0.943795	0.000996146	0.0221545	0.00243596
1.55925	11	0.945001	0.000335275	0.0216102	0.000277097
1.56234	12	0.946874	0.000734698	0.0224099	0.00153573
1.56413	13	0.94796	0.000753856	0.0237686	0.00166182
1.56425	14	0.948029	0.000611311	0.0224595	0.00115387
1.56518	15	0.948595	0.000574844	0.0207794	0.000919249
1.56756	16	0.950035	0.000506626	0.0205775	0.000824082
1.56827	17	0.950468	0.000516022	0.0207627	0.000937616
1.56755	18	0.950033	0.000490864	0.0207617	0.000766775
1.56914	19	0.950995	0.000484395	0.0203901	0.000658667
1.57045	20	0.951786	0.000507571	0.0214176	0.000810408
1.56991	21	0.951458	0.000472852	0.0205772	0.000650134
1.57098	22	0.952107	0.000490959	0.020831	0.000733894
1.56897	23	0.950889	0.00050638	0.0211335	0.000706005
1.57069	24	0.951932	0.000431034	0.021368	0.000652966
1.56998	25	0.951506	0.000480459	0.0205038	0.000593411
1.56954	26	0.951239	0.000482572	0.0215614	0.000743444
1.5687	27	0.950728	0.000451622	0.0200653	0.000653825
1.55924	0	0.917201	0.000603604	0.0442282	0.000627406
1.59066	1	0.935681	0.000327753	0.033973	0.00017261
1.59488	2	0.938164	0.000156238	0.0345045	0.000131117
1.59415	3	0.937734	0.000368473	0.0351976	0.000195526
1.58747	4	0.933804	0.00013454	0.037815	0.000122443
1.53856	5	0.905037	0.000172041	0.0479998	0.000157945
1.5089	6	0.887591	0.00185845	0.0498409	0.002792
1.58293	7	0.931134	0.000988177	0.0285638	0.000735633
1.59653	8	0.939133	0.000385437	0.0200192	0.000285625
1.60157	9	0.942099	0.000773231	0.0222577	0.00155337
1.60068	10	0.941579	0.00072112	0.0220322	0.00119544
1.60518	11	0.944226	0.000318145	0.0233702	0.000281173
1.6061	12	0.944766	0.000325373	0.0246789	0.00029137
1.60846	13	0.946155	0.000634584	0.0232579	0.00103776
1.61092	14	0.947603	0.000572995	0.0218484	0.000840156
1.6128	15	0.948705	0.000654674	0.0219512	0.00084478
1.61348	16	0.949106	0.000254652	0.0219781	0.000223003
1.61599	17	0.950581	0.000244605	0.0226266	0.000228284
1.6168	18	0.951058	0.000530118	0.0209488	0.000549478
1.61752	19	0.951481	0.000496532	0.0223475	0.000701463
1.61715	20	0.951265	0.000236201	0.0208845	0.000207341
1.61789	21	0.951701	0.000499639	0.0210693	0.000481341
1.61885	22	0.952265	0.00046424	0.0210602	0.00052212
1.61725	23	0.951321	0.000233896	0.0202495	0.000203035
1.61841	24	0.952004	0.00048891	0.020556	0.00045492
1.61804	25	0.951789	0.000217301	0.021891	0.000200007
1.61764	26	0.951553	0.000468579	0.0197363	0.00040669
1.61572	27	0.950423	0.000517877	0.0198153	0.000451508
1.60397	0	0.916556	0.000656422	0.0431266	0.00057983
1.63728	1	0.935587	0.000298597	0.0336112	0.000163105
1.64208	2	0.93833	0.00014342	0.0337858	0.000119241
1.63957	3	0.936898	0.000145591	0.0345021	0.000121347
1.63305	4	0.933171	0.000332199	0.0374161	0.000208956
1.58357	5	0.904895	0.000171922	0.0493027	0.0001615
1.54862	6	0.884926	0.00178921	0.0502028	0.00281951
1.6291	7	0.930913	0.000405611	0.0270646	0.000340281
1.64103	8	0.937731	0.000394899	0.0261907	0.000337027
1.64719	9	0.941249	0.000360416	0.022242	0.000299135
1.64919	10	0.942395	0.000731954	0.0218807	0.00132976
1.65293	11	0.944533	0.000602537	0.0213396	0.000986053
1.65306	12	0.944605	0.00066043	0.0227287	0.00104379
1.65537	13	0.945925	0.000608982	0.0208394	0.000849103
1.6574	14	0.947087	0.000613261	0.0231025	0.00109509
1.65995	15	0.948543	0.000554588	0.0211213	0.000658963
1.66044	16	0.948824	0.00058944	0.0225476	0.000876597
1.66077	17	0.949014	0.000568496	0.0221909	0.000693717
1.66258	18	0.950044	0.000493479	0.0204922	0.000591349
1.66497	19	0.951413	0.000485415	0.0207631	0.000555611
1.66406	20	0.950894	0.00051329	0.0206197	0.000504235
1.66346	21	0.950547	0.000524444	0.0206103	0.00048492
1.6655	22	0.951712	0.000233176	0.021078	0.000214427
1.66601	23	0.952006	0.000498094	0.0206521	0.000457029
1.66534	24	0.951623	0.00049526	0.0211152	0.000563089
1.66468	25	0.951245	0.000460323	0.0206269	0.000444203
1.66327	26	0.950438	0.000226062	0.0200473	0.000193211
1.66356	27	0.950605	0.000210118	0.0197906	0.000176787
1.64752	0	0.915286	0.000241005	0.0429778	0.00023639
1.68349	1	0.935274	0.000294699	0.033132	0.000157704
1.68787	2	0.937708	0.000150192	0.0335535	0.000124092
1.68692	3	0.937176	0.000138797	0.0339597	0.000114655
1.67809	4	0.932271	0.000326367	0.0366908	0.000200588
1.6273	5	0.904055	0.000374978	0.0472414	0.000474655
1.59089	6	0.88383	0.00167703	0.0478834	0.00241425
1.67499	7	0.930552	0.00095202	0.0270887	0.000633523
1.69364	8	0.940911	0.000361016	0.0230688	0.000328098
1.69058	9	0.939212	0.000913712	0.0236019	0.00168776
1.69496	10	0.941645	0.000360021	0.0238657	0.000312783
1.69698	11	0.942769	0.000759372	0.0238171	0.00148869
1.70005	12	0.944474	0.000631942	0.021686	0.000927507
1.70263	13	0.945903	0.000598849	0.0223961	0.00108078
1.70402	14	0.946678	0.000586153	0.020817	0.000696532
1.70601	15	0.947784	0.000543828	0.0205411	0.000660285
1.70828	16	0.949044	0.000504398	0.0213624	0.00064113
1.70727	17	0.948482	0.00026375	0.022521	0.000233049
1.70892	18	0.949399	0.000538763	0.0226045	0.000794891
1.71001	19	0.950003	0.000490939	0.0204838	0.000543294
1.7123	20	0.951277	0.000514013	0.0204409	0.000470442
1.71112	21	0.950621	0.000500439	0.0209297	0.00049454
1.71252	22	0.951402	0.000499587	0.020266	0.000434874
1.71267	23	0.951486	0.000448607	0.0204774	0.000446999
1.71189	24	0.951048	0.000458978	0.0204268	0.000476433
1.71054	25	0.950302	0.000223119	0.020162	0.00019021
1.71234	26	0.9513	0.000219698	0.0215252	0.00020539
1.71034	27	0.950187	0.000473123	0.0207125	0.000477061
1.69228	0	0.914747	0.000560092	0.0415644	0.000509949
1.73045	1	0.935377	0.000296649	0.0329286	0.000157669
1.73427	2	0.937442	0.000140168	0.0333482	0.000113469
1.73262	3	0.936553	0.000145563	0.0339244	0.00011925
1.72404	4	0.931914	0.000132346	0.036449	0.000115839
1.67357	5	0.904634	0.000162632	0.0469488	0.000145825
1.63796	6	0.885385	0.000782122	0.0479352	0.000714845
1.72164	7	0.930615	0.000948267	0.0292783	0.000835907
1.73422	8	0.937418	0.000952838	0.0223294	0.00188407
1.73777	9	0.939333	0.000376635	0.0224659	0.000311153
1.73999	10	0.940537	0.000762227	0.0219641	0.0013915
1.74761	11	0.944653	0.000310053	0.0210986	0.000268005
1.74551	12	0.94352	0.000665747	0.0229053	0.00116331
1.74709	13	0.944375	0.000595105	0.0197168	0.000663784
1.75202	14	0.947036	0.000600577	0.0227856	0.00111174
1.75048	15	0.946203	0.000567498	0.0214939	0.000870722
1.75363	16	0.947911	0.000261297	0.0205481	0.000218039
1.75574	17	0.94905	0.000534339	0.0208681	0.000628042
1.75598	18	0.949177	0.000480961	0.021294	0.000622921
1.75771	19	0.950115	0.000234079	0.0208562	0.000202759
1.7582	20	0.950376	0.000471654	0.0207034	0.000560439
1.75767	21	0.950094	0.000513225	0.0210315	0.000603835
1.75814	22	0.950346	0.000463963	0.0198279	0.000471965
1.76042	23	0.95158	0.000470657	0.0204566	0.000482987
1.75915	24	0.95089	0.00047853	0.0207747	0.000457843
1.75866	25	0.950626	0.000436586	0.0200976	0.000413434
1.75717	26	0.94982	0.000450464	0.0205408	0.000476157
1.75578	27	0.949069	0.000459808	0.0200345	0.000438675
1.73804	0	0.914756	0.000575856	0.0432587	0.000591577
1.77602	1	0.93475	0.00028829	0.0324675	0.00015332
1.78115	2	0.93745	0.00013856	0.0331877	0.000114513
1.77833	3	0.935965	0.000143067	0.033601	0.000115716
1.77002	4	0.931588	0.000131255	0.0365983	0.000113954
1.71629	5	0.903309	0.000166659	0.0451677	0.000146195
1.67927	6	0.883826	0.00178837	0.0462669	0.00221529
1.76447	7	0.928667	0.000963962	0.027124	0.000612955
1.78031	8	0.937004	0.00104639	0.0242263	0.00227013
1.78326	9	0.938558	0.000378138	0.0214014	0.0003061
1.7835	10	0.938685	0.000371241	0.0243465	0.000313674
1.79025	11	0.942235	0.000640952	0.0212136	0.000957598
1.78901	12	0.941583	0.000749204	0.024875	0.00148031
1.79409	13	0.94426	0.000577579	0.0219802	0.000916463
1.79855	14	0.946606	0.000270155	0.0220174	0.00023085
1.79672	15	0.94564	0.000582561	0.021878	0.000811463
1.80007	16	0.947403	0.000578497	0.0214574	0.000668
1.8011	17	0.947947	0.000524475	0.0209779	0.000678156
1.80183	18	0.948334	0.00049708	0.0198186	0.000490184
1.80382	19	0.949381	0.000536752	0.0204932	0.000594643
1.80606	20	0.950558	0.0004776	0.0202944	0.000512115
1.80353	21	0.949228	0.000490604	0.0201173	0.000455868
1.80742	22	0.951272	0.00049092	0.0204744	0.000458017
1.80576	23	0.950402	0.000484204	0.0204357	0.000451351
1.80628	24	0.950675	0.000210529	0.0203448	0.000175397
1.80584	25	0.950441	0.000207398	0.0208776	0.000178601
1.80337	26	0.949142	0.000438537	0.0203812	0.00055216
1.80376	27	0.949347	0.000493223	0.0203287	0.000470633
1.78151	0	0.913597	0.000239195	0.0418322	0.000226548
1.82168	1	0.934197	0.000281621	0.032117	0.000147473
1.82671	2	0.936774	0.000322027	0.0328999	0.000172289
1.82573	3	0.936273	0.000137254	0.0330457	0.000110721
1.81679	4	0.931685	0.00030879	0.0360497	0.000189239
1.76041	5	0.902773	0.000361253	0.0445904	0.000411691
1.71622	6	0.880113	0.000879416	0.0491088	0.000770627
1.81193	7	0.929197	0.000419973	0.0265416	0.00035077
1.82794	8	0.937403	0.00037976	0.0214316	0.00031406
1.82955	9	0.938229	0.000387957	0.0231997	0.000321761
1.82888	10	0.937887	0.000373348	0.0275942	0.0003582
1.83646	11	0.941775	0.000741916	0.0231947	0.00144257
1.83574	12	0.941405	0.000694442	0.0232896	0.00123178
1.84147	13	0.944342	0.000289555	0.0210659	0.000241894
1.84301	14	0.945133	0.000561083	0.0208114	0.000802282
1.84403	15	0.945657	0.000567294	0.0221947	0.0010145
1.84975	16	0.948589	0.00051109	0.0214778	0.000689216
1.84921	17	0.948311	0.000529403	0.020869	0.000607048
1.85082	18	0.949137	0.000521498	0.019631	0.000564721
1.84996	19	0.948696	0.000490581	0.0198517	0.00057152
1.85244	20	0.949969	0.000491668	0.0205695	0.000572041
1.85368	21	0.950606	0.000468116	0.0198807	0.000443874
1.85319	22	0.950352	0.000485709	0.0194894	0.000402536
1.85498	23	0.95127	0.000466456	0.0208823	0.000490581
1.85202	24	0.949752	0.000469733	0.0199626	0.000422116
1.8517	25	0.949592	0.000436015	0.0191936	0.000393251
1.85003	26	0.948733	0.000449504	0.0199035	0.000436935
1.85091	27	0.949186	0.000466967	0.0202456	0.00047518
1.82413	0	0.912067	0.000242807	0.0420743	0.000227756
1.86741	1	0.933707	0.000280236	0.032136	0.000148914
1.8711	2	0.93555	0.000324506	0.0328586	0.00016863
1.87104	3	0.935521	0.000142622	0.0327208	0.000115798
1.86246	4	0.93123	0.000298051	0.0351977	0.000179811
1.80298	5	0.901492	0.00016674	0.0449159	0.000146751
1.7607	6	0.880349	0.00157384	0.0439812	0.00186121
1.8587	7	0.929348	0.000837318	0.0266763	0.000625106
1.87227	8	0.936135	0.00112481	0.0233618	0.00240278
1.87155	9	0.935773	0.00149503	0.026821	0.00347545
1.87348	10	0.936741	0.000366227	0.0255958	0.000304064
1.88173	11	0.940865	0.000336972	0.0232916	0.000286247
1.87939	12	0.939693	0.000334109	0.0250461	0.000282451
1.88543	13	0.942716	0.000666784	0.0240893	0.00135266
1.88758	14	0.943791	0.000629973	0.0225637	0.00100083
1.89053	15	0.945267	0.000573492	0.0216165	0.000921368
1.89403	16	0.947014	0.000505562	0.0199264	0.000581527
1.89491	17	0.947456	0.000248755	0.0207454	0.000213173
1.8965	18	0.94825	0.000498787	0.0209991	0.000609277
1.89733	19	0.948665	0.000231632	0.0207398	0.000192658
1.89833	20	0.949167	0.00048151	0.0205218	0.000567626
1.90115	21	0.950575	0.000489703	0.0214748	0.00060582
1.89924	22	0.949618	0.000480063	0.0203959	0.000466615
1.89947	23	0.949735	0.000434076	0.0200131	0.000428399
1.89938	24	0.949688	0.000454599	0.0205822	0.00051655
1.89936	25	0.949679	0.000430784	0.0201196	0.000430071
1.89788	26	0.948941	0.000450157	0.0201538	0.000468379
1.89787	27	0.948933	0.000458006	0.0196016	0.00045161
1.86603	0	0.910257	0.000245001	0.0437733	0.000234076
1.91163	1	0.932503	0.000275496	0.0320459	0.00014461
1.9149	2	0.934099	0.000140475	0.0325274	0.000110222
1.91631	3	0.934787	0.000137087	0.0319691	0.000106551
1.90691	4	0.930202	0.000293632	0.0348968	0.000177945
1.84121	5	0.898149	0.000347081	0.046014	0.000469136
1.80665	6	0.881293	0.0007752	0.0458048	0.000670136
1.90618	7	0.929842	0.000913399	0.0268522	0.000622252
1.91921	8	0.936199	0.00110248	0.0240423	0.0023369
1.89891	9	0.926299	0.000369966	0.0521588	0.000457303
1.91945	10	0.936319	0.00135727	0.0283986	0.00322553
1.92738	11	0.940188	0.000325515	0.0234276	0.000280167
1.92585	12	0.93944	0.000336939	0.0249711	0.000289765
1.93252	13	0.942693	0.000582365	0.0202553	0.000912604
1.93375	14	0.943291	0.000278179	0.0246174	0.000241447
1.93556	15	0.944174	0.000583968	0.0220506	0.00105568
1.94001	16	0.946348	0.00052487	0.0214552	0.000702638
1.94184	17	0.947241	0.000250122	0.0216309	0.000218796
1.93936	18	0.946027	0.000253545	0.0202709	0.000204985
1.94505	19	0.948807	0.000516223	0.0207261	0.000544666
1.94293	20	0.947771	0.000472266	0.0209865	0.000576117
1.94626	21	0.949396	0.000495769	0.0202241	0.000483023
1.94662	22	0.949571	0.000453016	0.0201174	0.000443766
1.94905	23	0.950759	0.000207923	0.020369	0.000178393
1.94548	24	0.949015	0.000444264	0.0205773	0.000474897
1.94702	25	0.949766	0.000404173	0.0197141	0.000484922
1.94557	26	0.949061	0.000492906	0.0205644	0.000496096
1.94491	27	0.948736	0.000445968	0.0203632	0.000521863
1.90879	0	0.90895	0.000604878	0.0450852	0.000659162
1.95688	1	0.93185	0.00027249	0.0321838	0.000148619
1.95891	2	0.932813	0.000313038	0.0329295	0.000166962
1.95916	3	0.932935	0.000140556	0.0324982	0.000108519
1.9503	4	0.928712	0.000291019	0.0345885	0.000167274
1.8801	5	0.895285	0.000172485	0.0470737	0.000144486
1.84405	6	0.878117	0.000783658	0.0502444	0.000708142
1.94973	7	0.928443	0.000887628	0.0258828	0.000576026
1.95828	8	0.932514	0.000420348	0.0267005	0.000357146
1.95699	9	0.931901	0.00131633	0.0241434	0.00269077
1.95945	10	0.933072	0.00189694	0.0309461	0.00396739
1.97145	11	0.938784	0.000895237	0.0238213	0.0018601
1.97131	12	0.938721	0.000331083	0.0282684	0.000328679
1.97845	13	0.942121	0.000705717	0.0226417	0.00138458
1.97676	14	0.941312	0.000767981	0.0244124	0.00165541
1.97998	15	0.942846	0.000669474	0.0240572	0.00126162
1.98631	16	0.945861	0.000514344	0.0218261	0.000838292
1.98418	17	0.944846	0.000246711	0.0207171	0.000195784
1.98638	18	0.945896	0.00046311	0.0204936	0.000626629
1.98798	19	0.946657	0.000492894	0.0202529	0.00053576
1.99065	20	0.947928	0.000476135	0.0206493	0.000570137
1.99342	21	0.949247	0.00044321	0.0196031	0.00052508
1.99292	22	0.949011	0.000484448	0.0206172	0.000511034
1.99286	23	0.948979	0.000212763	0.0198955	0.000178849
1.99346	24	0.949267	0.00040801	0.0200989	0.000516339
1.99282	25	0.94896	0.000402299	0.0197449	0.00049262
1.9913	26	0.948237	0.000430774	0.0193539	0.000469853
1.99117	27	0.948174	0.00045894	0.0202165	0.000485557
1.94656	0	0.905376	0.000256907	0.047271	0.000243428
1.99804	1	0.929319	0.000280316	0.032659	0.000149733
2.00163	2	0.93099	0.000142761	0.0335052	0.000111434
2.004	3	0.932093	0.000137684	0.0325113	0.000105367
1.9944	4	0.927627	0.000286961	0.034614	0.000170551
1.91745	5	0.891838	0.000370956	0.050646	0.000617969
1.88782	6	0.878055	0.000794505	0.0516279	0.000759431
1.99599	7	0.928368	0.000866416	0.0261344	0.000586409
2.01044	8	0.935088	0.00100249	0.0219926	0.00194805
2.00558	9	0.932827	0.000429199	0.0250159	0.000355419
2.00653	10	0.933268	0.000426583	0.0231111	0.000336407
2.01679	11	0.938043	0.000343146	0.0216938	0.000284988
2.01783	12	0.938527	0.000356946	0.0241356	0.000301613
2.02391	13	0.941355	0.000710421	0.0224863	0.00140155
2.02397	14	0.941382	0.000591603	0.0198453	0.000981833
2.01926	15	0.939191	0.000913855	0.0258983	0.00182333
2.03002	16	0.944194	0.000525104	0.0202672	0.000645417
2.03155	17	0.944907	0.000500433	0.0211569	0.000807011
2.03209	18	0.945157	0.000530961	0.0218538	0.000830399
2.03309	19	0.945625	0.000440123	0.0197972	0.000532405
2.03576	20	0.946866	0.000468808	0.0208586	0.000735438
2.0378	21	0.947816	0.000482891	0.020287	0.000502078
2.03966	22	0.948679	0.000450154	0.0206233	0.000509759
2.03943	23	0.948574	0.000408894	0.0195875	0.000462599
2.04097	24	0.949286	0.000205143	0.0196566	0.000166546
2.03931	25	0.948516	0.00042237	0.0194806	0.000412088
2.03758	26	0.947711	0.000449717	0.0193864	0.000518967
2.03881	27	0.948282	0.000211568	0.0199706	0.000170394
1.9852	0	0.902362	0.000637689	0.051631	0.00103331
2.04102	1	0.927736	0.000285061	0.0334459	0.000156703
2.04433	2	0.929241	0.000319236	0.034265	0.000181198
2.04539	3	0.929723	0.000140726	0.0332457	0.000106973
2.03636	4	0.92562	0.000279724	0.0350915	0.000170421
1.95226	5	0.88739	0.000189625	0.0536982	0.000164491
1.91255	6	0.869342	0.000873888	0.0507934	0.000750214
2.04014	7	0.927336	0.000824794	0.0264656	0.000477511
2.04883	8	0.931286	0.000397284	0.0280402	0.000351422
2.04468	9	0.929401	0.00096863	0.0340632	0.00186544
2.04685	10	0.930385	0.00043646	0.0301367	0.000413633
2.0592	11	0.935998	0.000345337	0.0279982	0.000313388
2.05959	12	0.936179	0.00035427	0.0281297	0.000332202
2.06572	13	0.938962	0.000318848	0.0258747	0.000282228
2.0653	14	0.938773	0.000323075	0.0263171	0.000285021
2.06523	15	0.938739	0.000311595	0.0263036	0.000269525
2.07672	16	0.943966	0.000247731	0.02245	0.000187401
2.07543	17	0.943376	0.000246572	0.0234037	0.000199893
2.07433	18	0.942877	0.000537758	0.0249048	0.000395696
2.07931	19	0.945142	0.000232209	0.0231178	0.000188723
2.07686	20	0.944027	0.000502523	0.0237358	0.000309223
2.08692	21	0.948599	0.000431354	0.0216248	0.0002501
2.08482	22	0.947645	0.000211594	0.0218956	0.000167594
2.08858	23	0.949353	0.000199763	0.0210061	0.000156124
2.08732	24	0.948782	0.000396847	0.021369	0.00023125
2.08741	25	0.948822	0.000414847	0.0212057	0.000221597
2.08711	26	0.948688	0.000204816	0.0213698	0.000164128
2.08424	27	0.947383	0.00020372	0.0213899	0.000154072
2.0245	0	0.899776	0.000282006	0.0586181	0.000312086
2.08132	1	0.925033	0.000293686	0.0347632	0.000170896
2.08541	2	0.926851	0.000151954	0.035645	0.000120654
2.089	3	0.928446	0.000144078	0.0340879	0.000111667
2.0788	4	0.923911	0.000304654	0.0360092	0.000182096
1.98948	5	0.884213	0.000197397	0.0577122	0.000178688
1.9483	6	0.86591	0.00306898	0.0647403	0.00707821
2.08807	7	0.928032	0.000873173	0.0258551	0.000571067
2.09489	8	0.931062	0.000426888	0.0243117	0.000353276
2.10191	9	0.934183	0.00177527	0.0259953	0.00448292
2.0975	10	0.932222	0.000453124	0.0249292	0.00038438
2.10546	11	0.93576	0.000381222	0.0206648	0.000293611
2.10635	12	0.936154	0.0011226	0.0234156	0.0021948
2.1071	13	0.936489	0.000360508	0.0245888	0.000292609
2.113	14	0.939109	0.000828271	0.0241742	0.00185774
2.10962	15	0.937608	0.00034619	0.028248	0.000313158
2.12233	16	0.943257	0.000267973	0.0218102	0.000222685
2.11763	17	0.941169	0.000282827	0.0237263	0.000245545
2.1186	18	0.9416	0.000627949	0.0231131	0.00117173
2.12248	19	0.943326	0.000253679	0.0224551	0.000216105
2.12009	20	0.942261	0.000517641	0.0214481	0.000984903
2.13066	21	0.946962	0.000455212	0.0197986	0.000471091
2.12721	22	0.945428	0.000468211	0.0217881	0.000692348
2.1338	23	0.948356	0.000407207	0.0197546	0.000443261
2.13291	24	0.947959	0.000430147	0.0203715	0.000585428
2.13437	25	0.948607	0.00042838	0.0201037	0.000457642
2.13208	26	0.947593	0.000429856	0.0198833	0.000506712
2.12815	27	0.945846	0.000436393	0.0200957	0.000536348
2.05829	0	0.894908	0.00076191	0.0610119	0.00171344
2.12112	1	0.922225	0.000311714	0.0366043	0.000194287
2.12539	2	0.924083	0.000157353	0.0372128	0.000128045
2.13136	3	0.92668	0.00014683	0.0351752	0.00011668
2.12113	4	0.922232	0.00013608	0.0373086	0.000110879
2.02042	5	0.878444	0.000210608	0.0652569	0.000200251
1.98078	6	0.861209	0.000978522	0.0648564	0.000948498
2.12777	7	0.925118	0.000768852	0.0254363	0.000442592
2.13666	8	0.928983	0.000886015	0.0287836	0.00101655
2.12734	9	0.924932	0.000468719	0.0315691	0.000416419
2.13593	10	0.928664	0.00104502	0.0319082	0.00146439
2.14232	11	0.931442	0.000396701	0.0298227	0.000355595
2.14601	12	0.933047	0.00039895	0.0313245	0.000365018
2.15184	13	0.935582	0.000732514	0.0282867	0.000726687
2.15248	14	0.935862	0.000346353	0.0287882	0.000327365
2.1556	15	0.937216	0.000806006	0.0293447	0.000824564
2.16602	16	0.941748	0.000603163	0.0252277	0.00044118
2.15971	17	0.939005	0.000690548	0.0288128	0.000629798
2.15926	18	0.938809	0.000294447	0.0285534	0.00028357
2.16562	19	0.941575	0.000573885	0.0263035	0.000452981
2.164	20	0.940869	0.000614147	0.0284515	0.000580113
2.18021	21	0.947919	0.000212369	0.0214772	0.000171517
2.17219	22	0.944431	0.000225755	0.0236364	0.000184709
2.17763	23	0.946794	0.000403914	0.0216159	0.000231759
2.18022	24	0.947923	0.000417046	0.0215746	0.000233058
2.18204	25	0.948713	0.000388173	0.0212362	0.000225783
2.17641	26	0.946264	0.000433309	0.0216494	0.000249067
2.17322	27	0.94488	0.00043507	0.0222087	0.000267026
