0.0194756	0	0.973778	0.0010406	0.0409747	0.000920256
0.0196794	1	0.983971	0.000658366	0.039099	0.000439987
0.019672	2	0.9836	0.000371286	0.0387376	0.000317681
0.0196675	3	0.983374	0.00034925	0.0373813	0.00029367
0.0196598	4	0.98299	0.000601124	0.0381939	0.000440606
0.0195418	5	0.977091	0.000593039	0.0396359	0.000514985
0.0196411	6	0.982053	2.15261e-05	0.00606982	5.70767e-05
0.0196538	7	0.982688	0.00199983	0.0376294	0.00161249
0.0196437	8	0.982183	0.00193893	0.0379169	0.00152589
0.019681	9	0.98405	0.00176349	0.0361447	0.00106364
0.0196459	10	0.982295	0.00100721	0.0399393	0.00090569
0.0195916	11	0.979579	0.000869342	0.0359839	0.000971525
0.0197081	12	0.985404	0.00162278	0.0380777	0.00118192
0.0196477	13	0.982387	0.000809639	0.0365829	0.000683062
0.0196719	14	0.983594	0.000722366	0.0354169	0.000597639
0.0197473	15	0.987363	0.00150679	0.036936	0.000926031
0.0197169	16	0.985843	0.000719843	0.0368133	0.000623357
0.0197072	17	0.985361	0.00134833	0.0367185	0.000817033
0.0197376	18	0.986878	0.00126109	0.0363648	0.000798604
0.0197509	19	0.987546	0.000664302	0.0371005	0.000576398
0.0197685	20	0.988425	0.00119369	0.0369364	0.000820922
0.0197338	21	0.986691	0.00140897	0.0396571	0.000896904
0.0197808	22	0.989041	0.00135109	0.0391992	0.000909338
0.019799	23	0.989948	0.000611598	0.036439	0.000517783
0.0197995	24	0.989976	0.000623894	0.0378501	0.000539761
0.0197403	25	0.987016	0.000630299	0.0384669	0.000550264
0.0197238	26	0.986191	0.000644298	0.0383226	0.000565285
0.0197026	27	0.985131	0.00116661	0.0380481	0.000790179
0.0291687	0	0.972289	0.000873573	0.038758	0.00083967
0.0295003	1	0.983345	0.000514109	0.0357487	0.000356755
0.0295448	2	0.984826	0.00030247	0.0350658	0.000247345
0.0294986	3	0.983286	0.000293109	0.034482	0.000238014
0.0294495	4	0.98165	0.000475311	0.0348953	0.000349275
0.029225	5	0.974167	0.000287691	0.0376619	0.000232477
0.02948	6	0.982666	0.00214786	0.0265666	0.00306772
0.029421	7	0.9807	0.00144397	0.0301821	0.00102142
0.029366	8	0.978866	0.00149496	0.0331536	0.0011777
0.0294077	9	0.980255	0.00135009	0.0322628	0.0010105
0.0294486	10	0.981621	0.000691134	0.0323154	0.000556677
0.0294015	11	0.980052	0.00125927	0.0332491	0.000959533
0.0295385	12	0.984618	0.00123108	0.0330043	0.000947746
0.0295342	13	0.984475	0.0010998	0.0327168	0.000878695
0.0295243	14	0.984145	0.00121938	0.0346282	0.000961231
0.0295295	15	0.984316	0.00114789	0.0333289	0.000771084
0.0295599	16	0.98533	0.000576536	0.0330238	0.000474013
0.0296581	17	0.988603	0.00101199	0.0342207	0.000846696
0.0295553	18	0.985175	0.00106163	0.033695	0.000709609
0.0296455	19	0.988183	0.000934095	0.0328911	0.000692131
0.0296392	20	0.987975	0.000524922	0.0337539	0.000442728
0.0295993	21	0.986643	0.00094334	0.0331457	0.000612471
0.0296517	22	0.988391	0.000546548	0.0348374	0.00047182
0.0297167	23	0.990557	0.000929546	0.0337005	0.000593197
0.0296864	24	0.989548	0.00048772	0.0334613	0.000408807
0.0296472	25	0.98824	0.000887702	0.0333887	0.000585379
0.0296087	26	0.986958	0.000513055	0.0342925	0.000431749
0.0295642	27	0.985475	0.000478471	0.0330557	0.00039238
0.0387366	0	0.968415	0.000852344	0.0385538	0.000877404
0.0393066	1	0.982666	0.000456344	0.0342343	0.000339714
0.0393302	2	0.983255	0.000283448	0.034175	0.000230456
0.0392993	3	0.982483	0.000447994	0.0325605	0.000327504
0.0392228	4	0.980571	0.000236569	0.0324522	0.000190764
0.0388903	5	0.972259	0.000502566	0.0368143	0.000495085
0.0390007	6	0.975018	0.00102897	0.0348854	0.000817853
0.0391468	7	0.978671	0.00146319	0.0319012	0.00135378
0.0391542	8	0.978855	0.00143629	0.0342418	0.0013936
0.0392536	9	0.98134	0.00120773	0.0313337	0.00097356
0.0391353	10	0.978381	0.00117822	0.0307698	0.000883378
0.0392971	11	0.982429	0.0010877	0.0319756	0.000971386
0.0393203	12	0.983007	0.000566504	0.0309554	0.000462687
0.0392529	13	0.981322	0.00101044	0.031412	0.000779401
0.0392934	14	0.982335	0.000531511	0.0302227	0.000431309
0.0393293	15	0.983232	0.00097691	0.032317	0.00077836
0.0393556	16	0.983891	0.000848336	0.0299851	0.000566898
0.0393978	17	0.984944	0.000502712	0.0318939	0.000414874
0.0394288	18	0.985721	0.000484442	0.0322671	0.000400435
0.0394041	19	0.985103	0.000490771	0.0322765	0.000391342
0.039448	20	0.986199	0.000813707	0.0315172	0.000572069
0.0394947	21	0.987367	0.000791451	0.0315964	0.000565089
0.0394866	22	0.987166	0.00076475	0.0319857	0.000586868
0.0395266	23	0.988165	0.000708933	0.0310731	0.00054548
0.0395151	24	0.987877	0.000767147	0.0316259	0.000530092
0.0394692	25	0.98673	0.00075547	0.0320196	0.000543045
0.03945	26	0.98625	0.000416428	0.0305131	0.000331586
0.0394042	27	0.985106	0.00042208	0.0313088	0.000339683
0.0483655	0	0.96731	0.000451492	0.0358494	0.000347574
0.0490261	1	0.980522	0.000422405	0.0329496	0.000315397
0.0490826	2	0.981652	0.000453888	0.032801	0.000334054
0.0490314	3	0.980627	0.000254652	0.0320445	0.00020285
0.0489446	4	0.978892	0.000229664	0.0318794	0.000183348
0.0484907	5	0.969813	0.000495859	0.035403	0.000449144
0.0488577	6	0.977154	0.000966995	0.0263968	0.000775461
0.0486206	7	0.972412	0.00146217	0.0307909	0.00126818
0.0489193	8	0.978385	0.00067815	0.0307872	0.000546357
0.0488073	9	0.976145	0.000657303	0.03156	0.000510278
0.0488446	10	0.976891	0.00114749	0.0299097	0.000818389
0.0489039	11	0.978078	0.000592517	0.0313834	0.000475301
0.0489431	12	0.978862	0.000542674	0.0300021	0.00042775
0.0491048	13	0.982096	0.000505539	0.0292976	0.000413033
0.0491159	14	0.982319	0.000887824	0.0298918	0.000644251
0.0491059	15	0.982117	0.000841319	0.0302857	0.00064228
0.0491376	16	0.982752	0.000813623	0.0288731	0.00055789
0.0491645	17	0.98329	0.000445292	0.0303168	0.000366772
0.049192	18	0.98384	0.000793571	0.0296148	0.00052934
0.0491779	19	0.983557	0.000735646	0.0295731	0.000520022
0.0491773	20	0.983545	0.000716708	0.0292687	0.00048557
0.0492328	21	0.984656	0.000408731	0.0301809	0.00032556
0.0492759	22	0.985518	0.000700514	0.0300949	0.000506406
0.0493508	23	0.987016	0.000647002	0.0287636	0.00045359
0.0493111	24	0.986223	0.000675638	0.0296977	0.000449601
0.0493213	25	0.986426	0.000684342	0.0305739	0.000529302
0.0492071	26	0.984143	0.000688497	0.0305525	0.000520337
0.0491565	27	0.98313	0.000381521	0.029736	0.000295892
0.0578524	0	0.964206	0.000463586	0.0367526	0.000354677
0.058679	1	0.977984	0.000410886	0.0324048	0.000304181
0.058819	2	0.980317	0.000249799	0.031661	0.000199232
0.0587577	3	0.979296	0.00024357	0.0312506	0.000193437
0.0586244	4	0.977073	0.000220545	0.0312282	0.00017597
0.0580326	5	0.96721	0.00050643	0.0339855	0.000440262
0.0584328	6	0.973881	0.000950055	0.0255275	0.000743748
0.058415	7	0.973583	0.00163817	0.0326508	0.00167328
0.0584973	8	0.974955	0.0014482	0.0296351	0.00108812
0.0584402	9	0.974004	0.000617076	0.0296601	0.000480298
0.05865	10	0.9775	0.000540814	0.0281205	0.000448368
0.0586334	11	0.977224	0.000532891	0.0299511	0.000446873
0.0586466	12	0.977443	0.000907069	0.0290259	0.000754213
0.0586634	13	0.977723	0.00093191	0.0291283	0.000663331
0.0588582	14	0.98097	0.000893209	0.0281269	0.000629136
0.0587706	15	0.97951	0.000884287	0.0291187	0.000632462
0.0588871	16	0.981452	0.000420358	0.0286887	0.000337074
0.058893	17	0.981549	0.000416098	0.0294565	0.000342257
0.0590004	18	0.983339	0.000387013	0.0284865	0.000319724
0.0589884	19	0.983141	0.000679057	0.0293389	0.000544359
0.058952	20	0.982534	0.000396147	0.0298523	0.000318239
0.0589779	21	0.982966	0.000641563	0.0281988	0.000454772
0.0590934	22	0.98489	0.000656343	0.0283473	0.000453531
0.0590905	23	0.984841	0.000364769	0.0297208	0.000298588
0.0590894	24	0.984824	0.000625698	0.0290884	0.000483367
0.0590399	25	0.983998	0.000651385	0.0294973	0.000470138
0.0589759	26	0.982931	0.000364404	0.028995	0.000295561
0.0589308	27	0.982179	0.000362135	0.0291847	0.000284578
0.0673015	0	0.96145	0.000753816	0.0330185	0.000666054
0.0683218	1	0.976025	0.000392125	0.0318075	0.00030579
0.0684586	2	0.97798	0.000235553	0.0304149	0.00018769
0.0684167	3	0.977381	0.000231992	0.0302081	0.000185809
0.0682682	4	0.97526	0.000209247	0.0299158	0.000169469
0.0674843	5	0.964062	0.000523371	0.0332565	0.000445641
0.0674245	6	0.963207	0.0010458	0.0391043	0.000950279
0.0682261	7	0.974658	0.000671353	0.0285475	0.000569102
0.0683009	8	0.975727	0.000559201	0.0267041	0.00050135
0.0682449	9	0.974926	0.000579438	0.030119	0.000503985
0.0682606	10	0.975151	0.000538623	0.0280832	0.00044245
0.0683291	11	0.976129	0.0010807	0.0298626	0.00088206
0.0683174	12	0.975963	0.000497941	0.0299934	0.000429246
0.068435	13	0.977643	0.000456417	0.0282591	0.000375027
0.0684408	14	0.977726	0.00101676	0.0283768	0.000655895
0.0686315	15	0.98045	0.000932547	0.0279002	0.00062087
0.0685176	16	0.978823	0.00042213	0.0286504	0.000342158
0.0686264	17	0.980377	0.000795374	0.0282036	0.000573074
0.0687692	18	0.982418	0.000351318	0.0262872	0.000296637
0.068673	19	0.981042	0.000728934	0.0271423	0.000468879
0.0687148	20	0.98164	0.000664989	0.02697	0.000436491
0.0687786	21	0.982552	0.000342347	0.0274437	0.000275722
0.0687877	22	0.982682	0.000630876	0.0271664	0.000421833
0.0687765	23	0.982521	0.000622756	0.0279995	0.00042346
0.068796	24	0.9828	0.000607016	0.0278555	0.000440311
0.068825	25	0.983214	0.000331669	0.0280294	0.000271483
0.0686932	26	0.981331	0.000606767	0.027736	0.000409863
0.0687177	27	0.981681	0.000624699	0.0281806	0.000449846
0.0767538	0	0.959423	0.000773031	0.0331904	0.000710747
0.0779366	1	0.974208	0.000396418	0.0306018	0.000277216
0.0781496	2	0.97687	0.000226856	0.0294269	0.000177818
0.0781071	3	0.976339	0.000221788	0.0291152	0.000178238
0.0778836	4	0.973545	0.000416501	0.0293491	0.000264387
0.0769993	5	0.962491	0.000527479	0.0331257	0.000476014
0.0776189	6	0.970237	0.000975536	0.0235542	0.000724406
0.0778445	7	0.973056	0.00164831	0.0293654	0.00132025
0.0778279	8	0.972849	0.00117716	0.0294086	0.00122374
0.0778849	9	0.973562	0.000556491	0.0292175	0.00048253
0.0779777	10	0.974721	0.0012991	0.0281142	0.000852835
0.0778665	11	0.973331	0.00115376	0.0278865	0.000782404
0.0782081	12	0.977602	0.000431988	0.0266104	0.000390838
0.0781264	13	0.97658	0.000432381	0.02716	0.000361595
0.0782178	14	0.977723	0.000409243	0.0271083	0.00034382
0.0782259	15	0.977824	0.000937979	0.0270402	0.000580608
0.078301	16	0.978763	0.000818022	0.0264662	0.00053206
0.0782243	17	0.977804	0.000381926	0.0278211	0.000304111
0.0783029	18	0.978786	0.00073236	0.0269548	0.000501651
0.0785251	19	0.981564	0.000776455	0.0270808	0.000499149
0.0785366	20	0.981707	0.000330371	0.0266921	0.000284796
0.0785843	21	0.982304	0.000658391	0.0259883	0.000423888
0.078499	22	0.981238	0.000693912	0.0277703	0.000458333
0.0784561	23	0.980701	0.000605705	0.026921	0.000406424
0.0785018	24	0.981272	0.000638028	0.0274099	0.000430703
0.0784438	25	0.980548	0.000309146	0.0263014	0.00025023
0.0784224	26	0.98028	0.000321433	0.0270554	0.000260289
0.0783835	27	0.979794	0.000623737	0.0274564	0.000421534
0.0865859	0	0.962065	0.000814172	0.0354749	0.00110108
0.0880638	1	0.978487	0.000384677	0.0284235	0.000292573
0.0882983	2	0.981092	0.00020732	0.027813	0.000185199
0.0882025	3	0.980028	0.000205212	0.0276375	0.00018137
0.0879041	4	0.976712	0.000186803	0.0286439	0.000168191
0.0868038	5	0.964487	0.000500288	0.034987	0.000655777
0.0865424	6	0.961583	0.000979418	0.0367593	0.000914698
0.0877271	7	0.974746	0.000597609	0.0304823	0.000642998
0.0877771	8	0.975301	0.00129207	0.0304612	0.00122753
0.0877738	9	0.975264	0.000508028	0.0297912	0.000461157
0.0876038	10	0.973376	0.000506408	0.0294578	0.000461705
0.0878602	11	0.976224	0.000967299	0.0279221	0.000773215
0.087837	12	0.975967	0.000454267	0.0285438	0.000408837
0.0879344	13	0.977049	0.000433619	0.0282833	0.000391437
0.0880983	14	0.97887	0.000809862	0.0266712	0.000617396
0.0881441	15	0.979378	0.000757138	0.0270485	0.000579061
0.0881725	16	0.979695	0.00035012	0.0261596	0.000302559
0.0882799	17	0.980888	0.000327082	0.0261854	0.000287618
0.0883218	18	0.981353	0.000336733	0.0270143	0.000299686
0.0883669	19	0.981854	0.000313317	0.0257811	0.000274204
0.0883195	20	0.981328	0.000323539	0.0262917	0.000278983
0.0884496	21	0.982774	0.00030697	0.0256479	0.000262934
0.0884796	22	0.983107	0.000318377	0.0269703	0.000283062
0.0885189	23	0.983543	0.000599995	0.0263654	0.000419313
0.0885059	24	0.983399	0.000286647	0.025201	0.000254089
0.0884077	25	0.982308	0.000292151	0.0261853	0.000249245
0.0884278	26	0.982531	0.00028695	0.0255122	0.00024427
0.0882694	27	0.980772	0.000292005	0.0256065	0.000248518
0.0960265	0	0.960265	0.000836762	0.0339529	0.00103852
0.0977646	1	0.977646	0.000382226	0.0285843	0.00029841
0.0980084	2	0.980084	0.000200363	0.0273679	0.000178215
0.0979092	3	0.979092	0.000197305	0.0272971	0.000173075
0.0975465	4	0.975465	0.000379576	0.0283737	0.000302691
0.0963467	5	0.963467	0.000498142	0.0346763	0.00065965
0.0962338	6	0.962338	0.000966354	0.0333424	0.000864083
0.0969423	7	0.969423	0.00137324	0.0295212	0.00149112
0.0972701	8	0.972701	0.00128541	0.0295281	0.00126371
0.0973786	9	0.973786	0.000485952	0.0284449	0.000432668
0.0972976	10	0.972976	0.000491126	0.0284387	0.000436893
0.0976225	11	0.976225	0.000974057	0.0266862	0.000750643
0.0975146	12	0.975146	0.000425718	0.0273256	0.000367822
0.0977063	13	0.977063	0.000832075	0.0269152	0.000623149
0.0977614	14	0.977614	0.000386146	0.0269978	0.000350909
0.0979129	15	0.979129	0.000346934	0.0257076	0.000308447
0.0980022	16	0.980022	0.000342444	0.0264346	0.000308776
0.0978615	17	0.978615	0.000354586	0.0272132	0.000312452
0.0980347	18	0.980347	0.000642737	0.0256777	0.000448736
0.0981551	19	0.981551	0.000306211	0.0249023	0.000262161
0.0980943	20	0.980943	0.000297287	0.025562	0.00025719
0.0981164	21	0.981164	0.000296607	0.0253951	0.000254429
0.0982512	22	0.982512	0.00028893	0.0247586	0.000253519
0.0982745	23	0.982745	0.00027619	0.0253831	0.000236715
0.0981572	24	0.981572	0.000285107	0.0254516	0.000242539
0.0981864	25	0.981863	0.000269431	0.0249127	0.000232595
0.0980615	26	0.980615	0.000278943	0.0249802	0.000237728
0.0980143	27	0.980143	0.000284862	0.0253245	0.000240277
0.143081	0	0.953872	0.000382022	0.0299992	0.000274487
0.14541	1	0.969401	0.000428976	0.02819	0.000253609
0.145977	2	0.973178	0.000201876	0.0276276	0.000165843
0.145986	3	0.973239	0.000195105	0.0269759	0.000163608
0.145593	4	0.970622	0.000179998	0.0275784	0.000153013
0.143523	5	0.95682	0.000575513	0.0333322	0.000736732
0.142421	6	0.949475	0.00103059	0.036045	0.000900773
0.144771	7	0.965142	0.00133994	0.0276763	0.00135007
0.144881	8	0.965871	0.00050717	0.0269599	0.00042687
0.145378	9	0.969185	0.00104183	0.0272655	0.000824706
0.145527	10	0.970181	0.00114037	0.0275248	0.000831448
0.145891	11	0.972605	0.000993272	0.026376	0.000709469
0.145903	12	0.972687	0.00038011	0.0264834	0.000340149
0.145873	13	0.972486	0.000366761	0.0261776	0.000320483
0.146141	14	0.974272	0.00034835	0.0259653	0.000309108
0.146178	15	0.974518	0.000336918	0.0258644	0.000309111
0.14623	16	0.974868	0.000315982	0.0250064	0.000264731
0.146391	17	0.975941	0.000306188	0.0250868	0.00026672
0.146507	18	0.976711	0.000294719	0.0245419	0.000249635
0.146706	19	0.978042	0.000644553	0.0240574	0.00039846
0.146791	20	0.97861	0.000259328	0.0236339	0.000228821
0.146708	21	0.978054	0.000267357	0.0235969	0.00022184
0.146971	22	0.979804	0.000244775	0.02318	0.000212222
0.146853	23	0.979019	0.000596903	0.023826	0.000362177
0.147	24	0.980003	0.000241321	0.0237141	0.000217401
0.146724	25	0.978159	0.000247546	0.0236706	0.00021513
0.146793	26	0.978622	0.000246057	0.0238923	0.000220519
0.146567	27	0.977116	0.000263374	0.0250175	0.000231054
0.19069	0	0.953451	0.000754066	0.0311672	0.00125885
0.194671	1	0.973357	0.000180468	0.0263487	0.00018154
0.195518	2	0.977592	0.000189431	0.0258685	0.000203849
0.195267	3	0.976334	0.000177231	0.0254428	0.000185103
0.194375	4	0.971875	0.000166526	0.0273031	0.000171034
0.190872	5	0.954362	0.000557393	0.0368228	0.00123692
0.188188	6	0.940942	0.00101085	0.0563808	0.00112095
0.193008	7	0.965042	0.000543979	0.0346776	0.000581761
0.193279	8	0.966396	0.000491101	0.0270149	0.000463144
0.193563	9	0.967813	0.000441919	0.0282288	0.000431848
0.193749	10	0.968746	0.000397223	0.0270125	0.000370655
0.194276	11	0.97138	0.000862355	0.0258397	0.000814101
0.194097	12	0.970485	0.000378946	0.0253137	0.000348371
0.194611	13	0.973056	0.000334045	0.025076	0.000317786
0.194709	14	0.973543	0.000308301	0.0244658	0.000280841
0.195022	15	0.975111	0.000297419	0.0239307	0.000290304
0.195054	16	0.975271	0.000303542	0.0243953	0.000298309
0.195519	17	0.977594	0.00071773	0.0235261	0.000480202
0.195456	18	0.977282	0.000264824	0.0226839	0.000241785
0.195398	19	0.976988	0.000266826	0.0235963	0.000251223
0.195568	20	0.977841	0.000245447	0.0223252	0.000227184
0.195809	21	0.979044	0.000234639	0.0217722	0.000222319
0.195764	22	0.978822	0.00023447	0.0213926	0.000218048
0.19564	23	0.978198	0.00023011	0.0219804	0.000203611
0.195999	24	0.979994	0.000581573	0.0219716	0.000364109
0.195639	25	0.978195	0.000227466	0.0215786	0.000208209
0.195681	26	0.978407	0.000239258	0.0224315	0.000229284
0.195452	27	0.977262	0.000257465	0.0228637	0.000242886
0.237563	0	0.950251	0.000730477	0.0311955	0.00130384
0.242635	1	0.970541	0.000387725	0.0268738	0.000349765
0.24331	2	0.973239	0.000180787	0.0253178	0.000176145
0.243407	3	0.973628	0.000165906	0.0255919	0.0001705
0.242122	4	0.968488	0.000379522	0.0272023	0.000374631
0.237954	5	0.951818	0.000217859	0.0330185	0.000190073
0.233119	6	0.932475	0.00104149	0.0621081	0.00116043
0.239613	7	0.958452	0.000595968	0.0384702	0.000623116
0.240828	8	0.963313	0.00111904	0.0293391	0.00140858
0.240994	9	0.963977	0.000942759	0.0264302	0.00106168
0.241411	10	0.965644	0.000385729	0.0259811	0.000340898
0.241768	11	0.967073	0.000798213	0.0236616	0.000616098
0.241981	12	0.967923	0.000338433	0.02444	0.000287676
0.242511	13	0.970044	0.000335173	0.025775	0.000313076
0.24291	14	0.97164	0.000310545	0.0239611	0.000287906
0.243162	15	0.972649	0.000305269	0.0235475	0.000276066
0.243155	16	0.972621	0.000265098	0.0236041	0.000241609
0.243465	17	0.97386	0.00026971	0.0225621	0.000244662
0.243912	18	0.975647	0.000545214	0.0224587	0.00039319
0.243787	19	0.97515	0.000247239	0.0222086	0.000223229
0.243779	20	0.975116	0.000245024	0.0221868	0.000213001
0.244091	21	0.976365	0.000226842	0.022384	0.000209551
0.244141	22	0.976565	0.000219323	0.021796	0.000196828
0.244336	23	0.977345	0.000221689	0.0222474	0.000202765
0.244141	24	0.976566	0.000211929	0.0218919	0.000190943
0.243927	25	0.97571	0.000212737	0.0214454	0.000184525
0.243742	26	0.974969	0.000231073	0.0223715	0.000202392
0.243826	27	0.975305	0.000512093	0.0220749	0.000345262
0.284212	0	0.947374	0.000341901	0.0322045	0.000284366
0.290152	1	0.967173	0.00037906	0.0269664	0.000347754
0.291496	2	0.971653	0.000393635	0.0258363	0.000330937
0.291166	3	0.970554	0.000165462	0.0256595	0.000158995
0.289671	4	0.965571	0.000362892	0.0270778	0.000385609
0.284123	5	0.947078	0.000215815	0.0381864	0.000200508
0.2773	6	0.924332	0.00117036	0.0505274	0.00105027
0.286968	7	0.95656	0.00160124	0.0372767	0.00111657
0.287684	8	0.958945	0.00102222	0.0270026	0.00133636
0.288364	9	0.961212	0.000408316	0.0243373	0.00033238
0.28901	10	0.963367	0.000385258	0.0245123	0.000331423
0.289236	11	0.96412	0.000747219	0.0241747	0.000662215
0.289863	12	0.966211	0.000734499	0.0248162	0.000669121
0.290549	13	0.968496	0.000314574	0.0250275	0.000295043
0.290452	14	0.968172	0.000582298	0.0226311	0.000510915
0.290874	15	0.96958	0.000281254	0.0229683	0.000236509
0.291522	16	0.97174	0.000256451	0.0229562	0.000243215
0.291493	17	0.971644	0.000247768	0.0222905	0.00021334
0.291761	18	0.972537	0.000234665	0.0215167	0.000202546
0.291835	19	0.972783	0.000234078	0.0218332	0.000197732
0.29207	20	0.973566	0.000233983	0.0223983	0.000214296
0.291809	21	0.972695	0.000232452	0.021673	0.000199486
0.292217	22	0.974055	0.000216436	0.0218163	0.000191355
0.292408	23	0.974693	0.000219999	0.0214031	0.000196522
0.292169	24	0.973896	0.000209954	0.0220714	0.00018487
0.292211	25	0.974037	0.000200377	0.0215537	0.000176924
0.292005	26	0.973349	0.000468117	0.0218301	0.000324346
0.2919	27	0.973001	0.000218807	0.0218469	0.000190665
0.330612	0	0.944606	0.000331999	0.0298345	0.00026318
0.337797	1	0.965135	0.000356909	0.0273365	0.000387205
0.339331	2	0.969517	0.000378219	0.0259562	0.000346524
0.338851	3	0.968145	0.000162652	0.025667	0.000153161
0.337207	4	0.963447	0.000358506	0.0269506	0.000378573
0.330572	5	0.944491	0.00063881	0.0346396	0.0013345
0.321273	6	0.917923	0.00106568	0.0511013	0.000968797
0.332909	7	0.951169	0.00133725	0.0375956	0.000958822
0.334739	8	0.956396	0.000896651	0.0258702	0.00104218
0.336365	9	0.961043	0.000838224	0.0255506	0.000894853
0.336655	10	0.961872	0.000371395	0.0250724	0.000326204
0.337242	11	0.963548	0.000345299	0.0239619	0.000286143
0.337746	12	0.964988	0.00031463	0.0232462	0.000270066
0.338347	13	0.966707	0.000671419	0.0228096	0.000532573
0.338669	14	0.967626	0.000287734	0.0229856	0.000248447
0.339011	15	0.968602	0.000269732	0.0233317	0.000233379
0.338842	16	0.968121	0.000256921	0.0222469	0.000213031
0.339546	17	0.970132	0.000542619	0.0226256	0.000431213
0.339645	18	0.970415	0.000231572	0.0209445	0.000199069
0.339886	19	0.971103	0.000227601	0.0216275	0.000199579
0.339867	20	0.97105	0.000226069	0.021617	0.000196301
0.340228	21	0.972081	0.000217828	0.0213627	0.000185691
0.340551	22	0.973003	0.00020789	0.0216169	0.000188631
0.340264	23	0.972183	0.000207358	0.0210713	0.000171153
0.340387	24	0.972535	0.000199039	0.0208866	0.000170962
0.340134	25	0.97181	0.000206965	0.0219205	0.00018288
0.340101	26	0.971717	0.000209714	0.0213408	0.000178936
0.339977	27	0.971362	0.00020899	0.0211306	0.000173344
0.377286	0	0.943215	0.000352888	0.0323173	0.000316901
0.386163	1	0.965408	0.000534517	0.0274059	0.000474405
0.388217	2	0.970542	0.000591894	0.0260715	0.000478819
0.387021	3	0.967552	0.000249553	0.0260656	0.000289877
0.38544	4	0.963599	0.000204195	0.0284173	0.000252226
0.37669	5	0.941724	0.00100795	0.0394497	0.00267013
0.365383	6	0.913457	0.00297858	0.0663009	0.0034775
0.380212	7	0.95053	0.00055459	0.0377192	0.000561428
0.382733	8	0.956831	0.000422718	0.0272609	0.000379302
0.383519	9	0.958798	0.000399486	0.0236647	0.000321809
0.384289	10	0.960721	0.000366703	0.0246394	0.000318796
0.384902	11	0.962256	0.000335963	0.022983	0.000288219
0.385715	12	0.964288	0.000317345	0.0224356	0.00027672
0.386195	13	0.965488	0.000291763	0.0216783	0.00024823
0.386456	14	0.966141	0.000279703	0.0236271	0.000258289
0.386096	15	0.96524	0.000567341	0.021605	0.000472155
0.387241	16	0.968103	0.000248739	0.02174	0.000219545
0.387717	17	0.969293	0.000234737	0.0213348	0.000200514
0.387894	18	0.969734	0.000227766	0.0210151	0.000202986
0.387606	19	0.969014	0.000228684	0.021116	0.000191923
0.387736	20	0.969341	0.000226182	0.0209745	0.000185157
0.388221	21	0.970551	0.000213181	0.0203535	0.000179598
0.388329	22	0.970823	0.000212291	0.021266	0.000188706
0.388518	23	0.971295	0.000199238	0.0208161	0.000168841
0.38833	24	0.970825	0.000205004	0.0210622	0.00017803
0.38771	25	0.969276	0.000215187	0.0221655	0.000184421
0.387843	26	0.969608	0.000212613	0.0209826	0.000176903
0.387662	27	0.969156	0.000214584	0.0210845	0.000182209
0.423041	0	0.940092	0.000339143	0.0325558	0.000289522
0.433204	1	0.962676	0.000498327	0.0272815	0.000462123
0.435998	2	0.968884	0.000214808	0.0266375	0.000282135
0.434589	3	0.965753	0.000234235	0.026971	0.000282369
0.432676	4	0.961502	0.00017048	0.028123	0.000190254
0.423097	5	0.940215	0.00093054	0.0368693	0.00230868
0.409841	6	0.910758	0.00247004	0.0546688	0.00454613
0.427366	7	0.949701	0.000558259	0.0358738	0.000565607
0.430372	8	0.956382	0.000935661	0.0238393	0.00100035
0.431852	9	0.95967	0.000884859	0.025629	0.00121736
0.432137	10	0.960304	0.000393783	0.0248138	0.00039656
0.432703	11	0.961562	0.000810518	0.0232082	0.000756581
0.433492	12	0.963315	0.000343273	0.023076	0.000342096
0.434061	13	0.964581	0.000342618	0.0217526	0.000327526
0.434221	14	0.964935	0.000397228	0.0228714	0.000391035
0.434768	15	0.96615	0.000400705	0.0221711	0.000386486
0.435811	16	0.968469	0.00029425	0.0209806	0.000291423
0.435969	17	0.96882	0.00029738	0.0202181	0.000278373
0.43596	18	0.968799	0.00032094	0.0209048	0.000313198
0.435769	19	0.968376	0.000271983	0.0202841	0.000242163
0.436258	20	0.969461	0.0003627	0.0210231	0.000319518
0.436602	21	0.970226	0.000304615	0.02023	0.000293332
0.437061	22	0.971248	0.000291766	0.0196032	0.000280117
0.437354	23	0.971897	0.000292322	0.0202825	0.000281588
0.436116	24	0.969146	0.000305481	0.0211676	0.000277315
0.436992	25	0.971094	0.000243076	0.0205011	0.000240552
0.436899	26	0.970887	0.000295077	0.0203849	0.000297795
0.435632	27	0.968072	0.000280123	0.0208664	0.000257324
0.47028	0	0.940559	0.00075492	0.0282715	0.00146871
0.481123	1	0.962246	0.000423741	0.0293716	0.000598261
0.482435	2	0.96487	0.00019623	0.0260308	0.000230668
0.482198	3	0.964396	0.00019967	0.027035	0.000241752
0.479784	4	0.959568	0.000160792	0.0277825	0.000169828
0.469546	5	0.939092	0.000218605	0.0369703	0.00020345
0.455961	6	0.911922	0.00103578	0.0483605	0.000965675
0.473114	7	0.946229	0.00134559	0.0372833	0.000987619
0.476564	8	0.953129	0.000485127	0.0243189	0.000438884
0.477417	9	0.954834	0.00098509	0.0232524	0.000821882
0.479398	10	0.958796	0.000373332	0.0249007	0.000381259
0.479907	11	0.959813	0.000874973	0.0226736	0.000777855
0.481285	12	0.962569	0.000801004	0.0219234	0.000634817
0.481401	13	0.962802	0.000324007	0.0207948	0.000293983
0.481872	14	0.963744	0.00033382	0.0211609	0.000321712
0.482	15	0.964	0.000335557	0.0220169	0.000319533
0.483428	16	0.966856	0.000304226	0.0206607	0.000297863
0.483602	17	0.967204	0.00029208	0.0208049	0.000285779
0.484205	18	0.968411	0.000566761	0.0192506	0.000334527
0.483974	19	0.967948	0.000269364	0.0207394	0.0002511
0.484509	20	0.969019	0.000266597	0.0199022	0.000248494
0.484408	21	0.968816	0.00027426	0.0201214	0.000255429
0.484629	22	0.969259	0.000263018	0.0204274	0.000242599
0.484669	23	0.969337	0.000270101	0.0200912	0.000247221
0.48434	24	0.968679	0.000312039	0.0205423	0.000278113
0.484674	25	0.969347	0.000279951	0.0202766	0.000269988
0.484623	26	0.969245	0.000243715	0.0202284	0.000235144
0.484476	27	0.968951	0.000249604	0.0204432	0.000248697
0.515665	0	0.937573	0.000320177	0.0310703	0.000259158
0.527587	1	0.959249	0.00017549	0.0286854	0.000199252
0.530104	2	0.963826	0.000175085	0.0278838	0.000203732
0.529398	3	0.962541	0.000187213	0.0259474	0.000208881
0.526832	4	0.957876	0.000166897	0.0281893	0.000180642
0.514435	5	0.935337	0.0010602	0.0367307	0.00226676
0.499647	6	0.90845	0.00102237	0.0581287	0.00100012
0.520085	7	0.945609	0.00129955	0.0375127	0.00102915
0.524307	8	0.953286	0.000899904	0.0237563	0.00118822
0.525429	9	0.955325	0.000387289	0.0231774	0.000339643
0.525968	10	0.956305	0.000396375	0.0236127	0.000359086
0.527204	11	0.958553	0.000713957	0.0216595	0.000634478
0.527806	12	0.959647	0.000355174	0.0217389	0.000313537
0.528422	13	0.960768	0.000791696	0.0207441	0.000479133
0.529627	14	0.962958	0.000290557	0.0211734	0.000255771
0.530208	15	0.964014	0.000290545	0.0206567	0.000264773
0.530529	16	0.964599	0.000285428	0.0208545	0.000265159
0.531469	17	0.966307	0.000265573	0.0207001	0.000253244
0.531114	18	0.965661	0.000271795	0.0199854	0.000247895
0.531946	19	0.967175	0.000258827	0.0202772	0.000240034
0.531674	20	0.96668	0.00026083	0.0201295	0.000233829
0.532968	21	0.969033	0.000214594	0.0193299	0.000204257
0.532731	22	0.968603	0.000245154	0.0197346	0.000238282
0.53262	23	0.9684	0.000255022	0.020025	0.00024786
0.532339	24	0.96789	0.000233514	0.0199842	0.000215373
0.533039	25	0.969161	0.000245627	0.0199428	0.000246388
0.532456	26	0.968101	0.000252677	0.0206632	0.000253836
0.531677	27	0.966686	0.000270417	0.0205068	0.000254776
0.561671	0	0.936118	0.00114568	0.0308563	0.00227637
0.574517	1	0.957528	0.000166957	0.0296239	0.000187218
0.576713	2	0.961188	0.000177848	0.0272827	0.000197685
0.576664	3	0.961107	0.000167955	0.0283116	0.000191985
0.573154	4	0.955256	0.000359508	0.0282648	0.000583656
0.559915	5	0.933192	0.000209787	0.0378426	0.000187022
0.542841	6	0.904736	0.00101873	0.0658406	0.0010621
0.565651	7	0.942751	0.0012426	0.0351945	0.000894851
0.571019	8	0.951698	0.000885955	0.0250967	0.00128353
0.571481	9	0.952468	0.000843684	0.0230551	0.000973646
0.573688	10	0.956147	0.000359312	0.022562	0.000301297
0.575437	11	0.959062	0.000751148	0.0232716	0.00081981
0.575085	12	0.958475	0.000339506	0.0213778	0.000302173
0.576132	13	0.96022	0.000742138	0.0213547	0.000536027
0.576642	14	0.961069	0.000313827	0.0206881	0.000282931
0.578102	15	0.963503	0.000270293	0.0201921	0.000243324
0.578236	16	0.963727	0.000254249	0.0196729	0.000220343
0.578211	17	0.963685	0.000248314	0.0201692	0.000212855
0.57898	18	0.964967	0.000278513	0.0199931	0.000262827
0.579093	19	0.965154	0.000239238	0.0195494	0.000205958
0.579819	20	0.966366	0.000221194	0.0198545	0.000205861
0.580281	21	0.967134	0.000240895	0.0195645	0.000220633
0.579906	22	0.96651	0.000232507	0.0196424	0.000206391
0.57986	23	0.966433	0.000245674	0.019561	0.000220414
0.580835	24	0.968058	0.000248289	0.020067	0.000244779
0.580079	25	0.966798	0.000225257	0.0195817	0.000205141
0.579749	26	0.966248	0.00023748	0.0201978	0.000222816
0.579396	27	0.96566	0.000253492	0.0203125	0.000238484
0.60895	0	0.936847	0.000287079	0.0303161	0.000241463
0.621135	1	0.955592	0.000383436	0.0281547	0.000592928
0.62396	2	0.959939	0.00016637	0.0279665	0.0001846
0.623612	3	0.959403	0.000157286	0.027589	0.000165154
0.620683	4	0.954897	0.00015346	0.0287156	0.000159621
0.605825	5	0.932038	0.000209128	0.0356525	0.000175104
0.585637	6	0.900981	0.00118452	0.0613592	0.00119149
0.611313	7	0.940482	0.00114464	0.0355053	0.000853652
0.617979	8	0.950737	0.000796632	0.0237169	0.0012143
0.620382	9	0.954433	0.00083507	0.0239366	0.00117529
0.620194	10	0.954144	0.000804158	0.0208605	0.000595881
0.622996	11	0.958456	0.000669902	0.0209639	0.000591762
0.623381	12	0.959048	0.000300197	0.0208659	0.000261741
0.622829	13	0.958199	0.000314584	0.0213489	0.000270654
0.625198	14	0.961844	0.000624295	0.0204044	0.000436396
0.625413	15	0.962174	0.000265355	0.0198957	0.000231476
0.626124	16	0.963268	0.000580466	0.0200475	0.000400995
0.626671	17	0.96411	0.000592416	0.0198671	0.000386097
0.626166	18	0.963332	0.000571893	0.0204894	0.000371003
0.626567	19	0.963949	0.000509723	0.019853	0.000345653
0.62699	20	0.9646	0.000574305	0.0198037	0.000339867
0.627967	21	0.966103	0.000226048	0.019696	0.000207661
0.627289	22	0.96506	0.000226755	0.0192076	0.00020223
0.62765	23	0.965615	0.000210256	0.0191684	0.000185765
0.627121	24	0.964802	0.000248486	0.0197898	0.000221299
0.627437	25	0.965288	0.000229899	0.0199554	0.000206714
0.627527	26	0.965426	0.00021175	0.0199869	0.000194261
0.626821	27	0.964339	0.000519761	0.0198028	0.000302185
0.652332	0	0.931902	0.000699638	0.0392433	0.00114685
0.668263	1	0.954661	0.000143469	0.0365593	0.000171827
0.671024	2	0.958605	0.000156051	0.0369898	0.000198955
0.67101	3	0.958585	0.000149588	0.0370127	0.000202762
0.666179	4	0.951684	0.000146991	0.0356112	0.000162548
0.646666	5	0.923808	0.000205909	0.0490222	0.000205896
0.629949	6	0.899928	0.00339204	0.0672664	0.00846881
0.657439	7	0.939199	0.00108817	0.0329209	0.000665438
0.664661	8	0.949516	0.000406635	0.0229266	0.000335119
0.667609	9	0.953728	0.000702276	0.022316	0.000949316
0.668908	10	0.955584	0.000684118	0.0209251	0.000655745
0.668782	11	0.955403	0.000329953	0.0208965	0.000266749
0.670935	12	0.958479	0.000283587	0.0206157	0.000237768
0.670862	13	0.958375	0.000649043	0.0204978	0.000479852
0.672575	14	0.960822	0.000609671	0.0196424	0.000439792
0.672986	15	0.961408	0.000255135	0.0201494	0.000218033
0.67352	16	0.962171	0.000610176	0.0204854	0.000406735
0.674249	17	0.963213	0.000242653	0.019571	0.000223701
0.674912	18	0.96416	0.000574401	0.0193236	0.000364855
0.674537	19	0.963624	0.000248212	0.0201125	0.000229819
0.675583	20	0.965119	0.000226001	0.0194565	0.000205363
0.675491	21	0.964987	0.000221984	0.0193243	0.00020043
0.675871	22	0.96553	0.00021708	0.0195428	0.00020848
0.675983	23	0.96569	0.000226184	0.019324	0.00020788
0.675568	24	0.965097	0.000223581	0.0193865	0.000203549
0.675154	25	0.964505	0.000224992	0.0194934	0.00020286
0.674561	26	0.963658	0.000210507	0.0193802	0.000181732
0.67482	27	0.964029	0.000243972	0.0198673	0.000231907
0.698204	0	0.930939	0.00028841	0.0401193	0.000288614
0.714009	1	0.952012	0.000356032	0.036938	0.000463985
0.717283	2	0.956377	0.000413704	0.0379487	0.000564971
0.717139	3	0.956185	0.000155533	0.0384406	0.000200376
0.713152	4	0.950869	0.000146462	0.0367199	0.000169473
0.692487	5	0.923316	0.000200115	0.0469372	0.000194963
0.678295	6	0.904394	0.000918692	0.0548053	0.000888698
0.705083	7	0.940111	0.00104011	0.0335626	0.000792025
0.712504	8	0.950006	0.000780791	0.024729	0.00138011
0.714412	9	0.952549	0.000706147	0.0221782	0.000932505
0.715254	10	0.953672	0.0003355	0.0208132	0.00027746
0.71738	11	0.956507	0.000671589	0.0204362	0.000513762
0.718569	12	0.958092	0.000283608	0.020122	0.000239884
0.718494	13	0.957993	0.000273571	0.0195106	0.000222413
0.720216	14	0.960288	0.000258544	0.0208916	0.000231743
0.720476	15	0.960634	0.000263371	0.019976	0.000228645
0.721048	16	0.961397	0.000237151	0.0199446	0.000206214
0.721213	17	0.961617	0.000528817	0.020038	0.000358982
0.721516	18	0.962022	0.000249224	0.0193686	0.00021942
0.721922	19	0.962563	0.000253944	0.0194027	0.000222748
0.722245	20	0.962993	0.000507201	0.0194868	0.000322435
0.722987	21	0.963983	0.000206792	0.0190391	0.000177836
0.723279	22	0.964372	0.000198444	0.0189056	0.00016671
0.722815	23	0.963753	0.000204981	0.0189743	0.000173004
0.723696	24	0.964928	0.000198107	0.0190697	0.000176715
0.72234	25	0.96312	0.000488054	0.0199322	0.000318518
0.722483	26	0.96331	0.000221692	0.0199778	0.000198772
0.722117	27	0.962822	0.000214638	0.0197896	0.000188912
0.742078	0	0.927598	0.000291344	0.0406639	0.000283406
0.760246	1	0.950308	0.000360653	0.0376818	0.000495073
0.763517	2	0.954396	0.000152036	0.0375717	0.000181141
0.762953	3	0.953691	0.000152874	0.0378797	0.000184711
0.759439	4	0.949299	0.000143351	0.0395275	0.000172366
0.73656	5	0.9207	0.000201639	0.0495281	0.00019678
0.72168	6	0.9021	0.00225755	0.0524677	0.00507342
0.751522	7	0.939403	0.00112453	0.0328741	0.000719287
0.758852	8	0.948565	0.000695026	0.0200558	0.000753667
0.761519	9	0.951899	0.000722202	0.0216625	0.000891557
0.762493	10	0.953116	0.000336104	0.0202215	0.0002765
0.764595	11	0.955743	0.000299288	0.0200826	0.000246543
0.765757	12	0.957196	0.000614466	0.0205727	0.000548194
0.766601	13	0.958251	0.000274854	0.0206717	0.000234705
0.766979	14	0.958723	0.000584001	0.0197607	0.000390636
0.767765	15	0.959706	0.000247515	0.0193029	0.000203521
0.768327	16	0.960409	0.000554792	0.0195464	0.000362091
0.768351	17	0.960439	0.000243838	0.018684	0.000198368
0.769255	18	0.961569	0.000552919	0.0195451	0.00032793
0.770013	19	0.962516	0.000219633	0.0197302	0.000190324
0.770755	20	0.963444	0.000224975	0.0192032	0.000203955
0.769975	21	0.962469	0.000227491	0.0192719	0.000196078
0.77028	22	0.96285	0.000208939	0.0193046	0.000177953
0.770532	23	0.963165	0.00020995	0.0192727	0.000186745
0.770751	24	0.963439	0.000211788	0.0192796	0.000190036
0.77102	25	0.963775	0.00019909	0.0193773	0.000181174
0.770515	26	0.963143	0.000488646	0.0200521	0.000324849
0.769685	27	0.962106	0.000216533	0.0199816	0.000196248
0.788641	0	0.927813	0.000289343	0.0371486	0.000262958
0.80645	1	0.948764	0.000369178	0.0400377	0.000566
0.810167	2	0.953137	0.000148191	0.0395206	0.0001802
0.809807	3	0.952714	0.000153373	0.0394545	0.000191665
0.805285	4	0.947394	0.000148975	0.0393189	0.000175214
0.781812	5	0.919779	0.000199349	0.0486875	0.000194998
0.761397	6	0.895761	0.000953742	0.0573672	0.000905613
0.796607	7	0.937184	0.000478772	0.0319177	0.000392893
0.80485	8	0.946882	0.000772386	0.0219022	0.00106949
0.808671	9	0.951377	0.00063585	0.0216319	0.000945554
0.810972	10	0.954085	0.000315011	0.0208276	0.000258965
0.810985	11	0.9541	0.00062204	0.0196172	0.000503192
0.813079	12	0.956564	0.000572351	0.0194699	0.000474785
0.813977	13	0.957619	0.000269816	0.0198484	0.000237943
0.814365	14	0.958076	0.000524589	0.0196959	0.000494234
0.814346	15	0.958054	0.000551909	0.0190135	0.000358981
0.816079	16	0.960093	0.000497694	0.0191099	0.000359882
0.816824	17	0.96097	0.000519121	0.0198648	0.000352682
0.817726	18	0.96203	0.000223394	0.0189255	0.000195888
0.817971	19	0.962319	0.000219042	0.0197631	0.000191336
0.817587	20	0.961867	0.000223737	0.0192598	0.000186412
0.817842	21	0.962167	0.00021141	0.0193113	0.000182335
0.818003	22	0.962356	0.00021125	0.0187831	0.000183423
0.819052	23	0.96359	0.000196399	0.019149	0.000170878
0.818565	24	0.963017	0.00019937	0.0194531	0.000170461
0.81831	25	0.962718	0.000200104	0.0195626	0.000180697
0.817676	26	0.961972	0.000449413	0.0189542	0.000299539
0.81743	27	0.961682	0.00022043	0.0201505	0.00020067
0.834912	0	0.92768	0.000707655	0.0410134	0.00133006
0.854365	1	0.949295	0.000423447	0.0407329	0.000651598
0.858095	2	0.953439	0.000153147	0.0408375	0.000211898
0.856589	3	0.951766	0.000154528	0.0408803	0.000203052
0.852763	4	0.947515	0.000151337	0.0401794	0.000193335
0.827172	5	0.91908	0.000196772	0.0484337	0.000191327
0.808546	6	0.898385	0.000890724	0.0488519	0.000844954
0.843996	7	0.937773	0.000985516	0.0296045	0.000583002
0.855428	8	0.950475	0.000717219	0.022127	0.0011012
0.855756	9	0.95084	0.000708927	0.0212638	0.000869058
0.857697	10	0.952997	0.000310689	0.0197131	0.00025218
0.859536	11	0.95504	0.00054871	0.0202347	0.000521491
0.86089	12	0.956545	0.000580963	0.0197631	0.000524536
0.860699	13	0.956333	0.000616793	0.0198137	0.000536115
0.861472	14	0.957191	0.000269073	0.0190062	0.000223992
0.862573	15	0.958415	0.00025827	0.019233	0.000216509
0.862867	16	0.958741	0.000238929	0.0194794	0.00019509
0.864258	17	0.960286	0.000499013	0.0188647	0.000332478
0.864703	18	0.960782	0.000504076	0.0192924	0.000366972
0.865831	19	0.962035	0.000205898	0.019004	0.000183707
0.865041	20	0.961157	0.00047763	0.0190208	0.000330418
0.865728	21	0.96192	0.000206093	0.0188536	0.000176761
0.864973	22	0.961081	0.00021003	0.0187776	0.000173924
0.86645	23	0.962722	0.000468769	0.0189455	0.000284366
0.865354	24	0.961504	0.000223547	0.0190506	0.000200333
0.865946	25	0.962162	0.000200776	0.018922	0.000181091
0.86479	26	0.960878	0.000494086	0.0194732	0.000326405
0.865243	27	0.961381	0.000204383	0.0196346	0.00017767
0.878978	0	0.92524	0.000275619	0.0419781	0.000270222
0.90022	1	0.9476	0.000405706	0.0410712	0.000665207
0.904734	2	0.952352	0.00015129	0.0410235	0.000212266
0.902602	3	0.950107	0.000156649	0.0421729	0.000207806
0.898319	4	0.945599	0.000387421	0.042077	0.000741734
0.870858	5	0.916692	0.000198458	0.0491521	0.000189737
0.852198	6	0.89705	0.00210519	0.0487216	0.0040579
0.888342	7	0.935097	0.0011051	0.0313409	0.00058045
0.898488	8	0.945777	0.000900531	0.0198526	0.000867213
0.902675	9	0.950184	0.000738328	0.0192111	0.00064073
0.904893	10	0.952518	0.000352942	0.0204563	0.000340128
0.906088	11	0.953777	0.000344361	0.0199009	0.000316738
0.908378	12	0.956188	0.000795533	0.0202211	0.000545408
0.907744	13	0.955521	0.000335897	0.0195394	0.000311072
0.910674	14	0.958604	0.000301595	0.0184791	0.000287829
0.910063	15	0.957961	0.000322836	0.0191276	0.000303186
0.911471	16	0.959443	0.000299624	0.0182587	0.000278829
0.91266	17	0.960695	0.000261443	0.0185093	0.000256545
0.912897	18	0.960945	0.000284445	0.0180543	0.000266038
0.913328	19	0.961398	0.000336919	0.0191007	0.000311602
0.913383	20	0.961456	0.000308922	0.0183462	0.000284487
0.912898	21	0.960945	0.00033672	0.0191525	0.000284282
0.913001	22	0.961054	0.000301235	0.0189116	0.000279948
0.914074	23	0.962183	0.000248831	0.0189059	0.000240573
0.913089	24	0.961147	0.000305125	0.0192349	0.000284152
0.915049	25	0.96321	0.000229239	0.0190727	0.0002527
0.913137	26	0.961197	0.000262158	0.0188518	0.000249687
0.91242	27	0.960442	0.000252283	0.0189669	0.000240198
0.926135	0	0.926135	0.000283743	0.0448169	0.000325204
0.949726	1	0.949726	0.000681948	0.0411015	0.000817638
0.956574	2	0.956574	0.00030582	0.0399389	0.00059811
0.954838	3	0.954838	0.000255017	0.041762	0.000546694
0.950682	4	0.950682	0.00016901	0.0437844	0.000351335
0.914284	5	0.914284	0.000218854	0.0600097	0.000264125
0.897029	6	0.897029	0.000869542	0.0542632	0.000869722
0.93429	7	0.93429	0.000520452	0.0301345	0.000426611
0.947192	8	0.947192	0.000391831	0.0212026	0.000308053
0.95044	9	0.95044	0.000337737	0.0187245	0.000265549
0.950775	10	0.950775	0.000660493	0.0190725	0.000688944
0.953221	11	0.953221	0.000567919	0.0190751	0.000606294
0.955209	12	0.955209	0.000276912	0.0189077	0.000227208
0.956646	13	0.956646	0.000581116	0.0189695	0.00058725
0.955716	14	0.955716	0.00027357	0.0182419	0.000224233
0.957649	15	0.957649	0.000578999	0.0188605	0.000460535
0.959385	16	0.959385	0.000256659	0.019277	0.000246793
0.959611	17	0.959611	0.000240671	0.0190255	0.000220338
0.960099	18	0.960099	0.000249106	0.0187137	0.00023879
0.959994	19	0.959994	0.000512952	0.0189256	0.00045787
0.960157	20	0.960157	0.000522204	0.0183825	0.000356881
0.961527	21	0.961527	0.00047333	0.0186114	0.000390544
0.962056	22	0.962056	0.000553939	0.0185026	0.000330594
0.961175	23	0.961175	0.000231422	0.0193972	0.000221328
0.961277	24	0.961277	0.000469758	0.018902	0.000368959
0.961314	25	0.961314	0.000202693	0.0188607	0.000186443
0.960171	26	0.960171	0.000500628	0.0193327	0.000394785
0.959627	27	0.959627	0.000229281	0.0195059	0.000213793
0.970212	0	0.924011	0.000735228	0.0422289	0.00176389
0.991834	1	0.944604	0.000380326	0.0403535	0.000623145
0.995094	2	0.947709	0.00015306	0.0411251	0.000187069
0.99648	3	0.949029	0.000151377	0.0421731	0.00020515
0.990591	4	0.94342	0.000142307	0.0423348	0.000173961
0.959182	5	0.913507	0.000196475	0.0517709	0.000191522
0.937101	6	0.892477	0.00306915	0.0572286	0.00718549
0.98345	7	0.936619	0.000941289	0.0297043	0.00057029
0.993933	8	0.946603	0.00074743	0.0192701	0.000807079
0.996006	9	0.948577	0.000744686	0.0197808	0.000709785
0.999183	10	0.951603	0.000719455	0.020018	0.00077715
1.00151	11	0.953823	0.000776387	0.0190988	0.00051951
1.0005	12	0.952856	0.000853179	0.0200332	0.000524718
1.00349	13	0.955705	0.000635053	0.0184229	0.000429102
1.00525	14	0.957378	0.000282632	0.0191515	0.000278971
1.00371	15	0.955914	0.000323952	0.0192195	0.0003037
1.00614	16	0.958232	0.000647159	0.0183566	0.000407023
1.00739	17	0.959417	0.000253916	0.018776	0.000250669
1.00716	18	0.959199	0.000263164	0.0187682	0.000243907
1.00828	19	0.960271	0.000263351	0.0179137	0.00024365
1.00769	20	0.959701	0.000252743	0.0188767	0.000241034
1.00744	21	0.959466	0.000287211	0.0187845	0.000263534
1.00811	22	0.960109	0.000269269	0.0191761	0.000252737
1.00828	23	0.960263	0.000288356	0.0189887	0.000258389
1.01002	24	0.961926	0.000567324	0.0183077	0.000353078
1.00891	25	0.96087	0.000547631	0.0191484	0.000321067
1.00721	26	0.959245	0.000270425	0.0191181	0.000259269
1.00723	27	0.959268	0.000279421	0.0190194	0.000256856
1.01526	0	0.922964	0.000708665	0.0428225	0.00158378
1.0382	1	0.943821	0.000382392	0.0425092	0.000679271
1.0426	2	0.947815	0.000160057	0.0427094	0.000214744
1.04135	3	0.946683	0.000147307	0.0418519	0.000181409
1.03601	4	0.941827	0.000141377	0.0411598	0.000163295
1.00395	5	0.912685	0.000191347	0.0528604	0.000188038
0.981234	6	0.892031	0.000954953	0.0489657	0.000834607
1.02967	7	0.936063	0.00103639	0.0300994	0.000554301
1.04068	8	0.946077	0.000729057	0.0216305	0.00115342
1.04558	9	0.950524	0.000355485	0.0210707	0.000340888
1.04711	10	0.951919	0.000343247	0.0202822	0.000316297
1.04863	11	0.953302	0.000751971	0.0202261	0.000652743
1.05056	12	0.955058	0.000313686	0.0198755	0.000306786
1.05105	13	0.955497	0.000288823	0.0189644	0.000265037
1.05213	14	0.956478	0.000293475	0.0186336	0.000272574
1.05328	15	0.957524	0.00029991	0.0190415	0.000286099
1.05366	16	0.957877	0.00025558	0.0181061	0.000228197
1.0545	17	0.958639	0.000289553	0.0185217	0.000268848
1.05475	18	0.958859	0.000258585	0.0190043	0.000245935
1.05433	19	0.958481	0.000265746	0.0187863	0.000236876
1.05588	20	0.959895	0.000263168	0.0184816	0.000246031
1.05769	21	0.961538	0.000535273	0.018072	0.000339909
1.05584	22	0.959853	0.000259617	0.0188604	0.000240469
1.05658	23	0.96053	0.000256495	0.0190685	0.000253638
1.05568	24	0.959707	0.000233385	0.0183942	0.000210867
1.05574	25	0.959761	0.00024795	0.0196059	0.000247648
1.05538	26	0.959441	0.000270152	0.0190567	0.000267573
1.05577	27	0.959791	0.00025513	0.0194999	0.000250194
1.06025	0	0.921953	0.000269427	0.044355	0.000279525
1.08487	1	0.943364	0.00039356	0.0413226	0.00065937
1.08932	2	0.947231	0.000156119	0.0409978	0.000195676
1.08694	3	0.945167	0.000149205	0.0445186	0.000189218
1.08167	4	0.940584	0.000387865	0.0434559	0.000747236
1.04975	5	0.912826	0.000191776	0.0485888	0.000181084
1.03017	6	0.895802	0.000864284	0.0528502	0.000880673
1.0742	7	0.934083	0.000926638	0.0292382	0.00051497
1.08673	8	0.94498	0.000797137	0.0213405	0.00132765
1.09046	9	0.948223	0.000370281	0.020423	0.000330218
1.09353	10	0.950894	0.000318802	0.019327	0.000266593
1.09555	11	0.952656	0.000682506	0.0199626	0.000600609
1.09706	12	0.953968	0.000685554	0.0191129	0.00056755
1.09707	13	0.953978	0.00032496	0.0195441	0.00030932
1.09898	14	0.955633	0.000593792	0.0184072	0.000408772
1.09975	15	0.956302	0.000288153	0.0188367	0.000260139
1.10181	16	0.958098	0.00058942	0.0189951	0.000425547
1.10196	17	0.958225	0.00024455	0.0184329	0.000225589
1.10295	18	0.959084	0.000239733	0.0185029	0.000224942
1.10261	19	0.95879	0.000269819	0.0180192	0.000242143
1.10339	20	0.959472	0.000246563	0.0184496	0.000226331
1.10316	21	0.959266	0.000287747	0.018845	0.000278022
1.10401	22	0.960012	0.000225965	0.0188944	0.00021897
1.10429	23	0.960252	0.00023872	0.01857	0.000220878
1.10397	24	0.95997	0.000216701	0.018414	0.000202527
1.10276	25	0.958917	0.000261232	0.0187466	0.000251038
1.10359	26	0.959642	0.000231458	0.0189655	0.000226171
1.10224	27	0.958471	0.000264322	0.0189621	0.000256563
1.10731	0	0.922762	0.000697398	0.0419782	0.00145209
1.13088	1	0.942398	0.000370326	0.0397887	0.000570263
1.13525	2	0.946038	0.000158228	0.041603	0.000201579
1.13311	3	0.944255	0.000148394	0.0441025	0.000184015
1.12815	4	0.940124	0.000412314	0.043142	0.000797873
1.09324	5	0.911033	0.000813959	0.0522507	0.00196187
1.06586	6	0.88822	0.000944822	0.0526659	0.000852823
1.11966	7	0.93305	0.00102446	0.0292043	0.000555983
1.13587	8	0.94656	0.000695614	0.0199593	0.00119829
1.13719	9	0.947655	0.000669272	0.0193192	0.000867899
1.14023	10	0.950189	0.000650465	0.0195856	0.000914135
1.1425	11	0.952086	0.000522199	0.0181797	0.000567064
1.14499	12	0.95416	0.000595268	0.0189927	0.000700868
1.14492	13	0.954103	0.000565471	0.0188144	0.000526455
1.14535	14	0.954456	0.000539645	0.019132	0.000563144
1.14764	15	0.956367	0.000539325	0.0188072	0.000490207
1.14933	16	0.957778	0.000225534	0.0175065	0.000194873
1.14937	17	0.95781	0.000510044	0.018338	0.000433997
1.14879	18	0.957321	0.000233464	0.018778	0.00019996
1.15064	19	0.958867	0.00046621	0.0181374	0.000402611
1.15104	20	0.959197	0.000207018	0.0185184	0.000182959
1.15141	21	0.959507	0.000452046	0.0192583	0.000479178
1.15026	22	0.95855	0.000210411	0.0186213	0.000181352
1.15107	23	0.959229	0.00048387	0.018836	0.000383007
1.15078	24	0.958986	0.000408686	0.0181519	0.000342741
1.15075	25	0.958954	0.000444353	0.0186858	0.000385587
1.14958	26	0.957987	0.0002087	0.0182848	0.000178485
1.14903	27	0.957526	0.000463433	0.0190606	0.000389964
1.152	0	0.921596	0.000252039	0.0483984	0.000281721
1.17647	1	0.941173	0.000409321	0.0377866	0.000241958
1.18071	2	0.944571	0.000162199	0.0387261	0.000166718
1.17988	3	0.943902	0.00017379	0.0392552	0.000179169
1.17392	4	0.939133	0.00013876	0.0437159	0.000156592
1.13549	5	0.908388	0.000185584	0.0587738	0.000195087
1.11396	6	0.891165	0.000895727	0.0490064	0.000818531
1.16429	7	0.931434	0.000951037	0.0259161	0.00061857
1.18062	8	0.944494	0.000664093	0.0205162	0.000639483
1.18682	9	0.949452	0.000300476	0.0203463	0.000247484
1.18757	10	0.950053	0.000301395	0.0203019	0.000236723
1.18931	11	0.951451	0.000266622	0.018506	0.000207222
1.19135	12	0.953077	0.000540105	0.01868	0.000338695
1.19267	13	0.954136	0.000259236	0.0194794	0.000206731
1.19404	14	0.955234	0.000464285	0.0188579	0.000336728
1.19541	15	0.956328	0.000446443	0.0188471	0.000303486
1.19458	16	0.955661	0.000440412	0.0190142	0.000291704
1.19567	17	0.956537	0.0004525	0.0188198	0.000272824
1.19697	18	0.957579	0.000415181	0.0185109	0.000258817
1.198	19	0.958401	0.000204093	0.0195518	0.000166468
1.19748	20	0.957981	0.000409338	0.0189152	0.000270595
1.1977	21	0.958159	0.000395371	0.01903	0.000254445
1.1989	22	0.959123	0.000186469	0.0183498	0.000148013
1.19857	23	0.958852	0.000387468	0.0189288	0.00024217
1.19801	24	0.958405	0.000398568	0.0191317	0.000241947
1.19765	25	0.958124	0.000388649	0.0197743	0.00026276
1.19782	26	0.958259	0.000390475	0.0191715	0.000267046
1.19707	27	0.957655	0.000401765	0.0196369	0.000277201
1.19785	0	0.921421	0.000255727	0.0414771	0.000254408
1.22259	1	0.940455	0.000138847	0.039727	0.000149985
1.22627	2	0.943282	0.000153954	0.0407764	0.000175961
1.22507	3	0.94236	0.000148534	0.0423924	0.000171184
1.21866	4	0.937427	0.000145667	0.0431004	0.000167604
1.18333	5	0.910257	0.000183523	0.0495396	0.000171751
1.15254	6	0.886566	0.000871715	0.0576387	0.000850914
1.21283	7	0.932948	0.000426725	0.0282694	0.000338075
1.2271	8	0.943923	0.00084357	0.0208668	0.00158586
1.23196	9	0.94766	0.000605528	0.0189448	0.000846977
1.23469	10	0.949761	0.00032053	0.0183461	0.000253968
1.23574	11	0.950573	0.000586113	0.018558	0.000655964
1.2382	12	0.952459	0.000276644	0.0190925	0.000231281
1.23929	13	0.953302	0.000538054	0.0174612	0.00054289
1.24164	14	0.955109	0.000251602	0.0188734	0.000215044
1.24074	15	0.954412	0.000498857	0.0176458	0.000401618
1.24325	16	0.956346	0.00023119	0.0184507	0.00019689
1.2424	17	0.955696	0.000247563	0.0183585	0.000209191
1.24432	18	0.957166	0.00045038	0.0177028	0.000367854
1.24428	19	0.957135	0.000221308	0.0186447	0.000187499
1.24552	20	0.958095	0.000460697	0.017967	0.000345273
1.24547	21	0.958053	0.000438986	0.01797	0.000385993
1.24625	22	0.958657	0.000453706	0.0185882	0.000359899
1.24596	23	0.958428	0.000422848	0.0186189	0.000366655
1.24529	24	0.957917	0.00043194	0.0187736	0.000363373
1.24505	25	0.957728	0.000407518	0.0182205	0.00034473
1.24515	26	0.957808	0.000459306	0.0193596	0.000421486
1.24379	27	0.956758	0.000449734	0.0182701	0.000376476
1.24191	0	0.919937	0.000261943	0.0406378	0.000254593
1.26854	1	0.93966	0.000352667	0.0393998	0.000510855
1.27252	2	0.942606	0.000150535	0.0395911	0.000165142
1.27186	3	0.94212	0.000148968	0.040808	0.000168144
1.2649	4	0.936965	0.000142472	0.0410872	0.00015786
1.22823	5	0.909799	0.000185909	0.049021	0.000176142
1.19995	6	0.888855	0.00186723	0.0528174	0.00206076
1.2599	7	0.933258	0.000429876	0.028088	0.000337287
1.2737	8	0.943484	0.00100999	0.0248466	0.00248199
1.27935	9	0.947665	0.000691162	0.0219856	0.00140882
1.28177	10	0.949461	0.000298612	0.0171133	0.000229443
1.2838	11	0.950965	0.000288945	0.0189156	0.000235038
1.2859	12	0.95252	0.000547222	0.0184019	0.000595338
1.28625	13	0.952778	0.000536195	0.0185022	0.0005598
1.28822	14	0.954236	0.000499238	0.0182407	0.000476111
1.28957	15	0.955236	0.000536187	0.0190762	0.000499907
1.2911	16	0.956373	0.000493146	0.0184119	0.000462054
1.29134	17	0.956548	0.00022603	0.0187315	0.000192368
1.29114	18	0.9564	0.000231295	0.0190433	0.000198458
1.29266	19	0.957523	0.000434945	0.017969	0.000355415
1.29269	20	0.957545	0.000437347	0.0183669	0.000429054
1.29342	21	0.958087	0.000439074	0.0184353	0.000368859
1.29289	22	0.957699	0.000205393	0.0177642	0.000171791
1.29384	23	0.958398	0.000462821	0.018583	0.000350365
1.29331	24	0.958004	0.000509924	0.0192104	0.000385193
1.29279	25	0.957622	0.000212892	0.0191681	0.000195497
1.29318	26	0.95791	0.000197042	0.0193663	0.000180099
1.29136	27	0.956565	0.000205183	0.0189253	0.000175572
1.28538	0	0.918132	0.00065852	0.0447327	0.000628151
1.3142	1	0.938713	0.000365104	0.0366213	0.000211529
1.31807	2	0.941479	0.000173385	0.0372101	0.000162217
1.31866	3	0.941897	0.00016121	0.0376567	0.000158394
1.31189	4	0.937062	0.000148089	0.0419036	0.000157258
1.27078	5	0.9077	0.000177541	0.0539797	0.000177824
1.23915	6	0.885105	0.000925133	0.0522121	0.000847574
1.30777	7	0.934124	0.00109524	0.0288971	0.000735112
1.32145	8	0.943892	0.000815012	0.0236596	0.00159182
1.32637	9	0.947404	0.000320617	0.0189813	0.000261293
1.32862	10	0.949015	0.00030658	0.0187708	0.000257502
1.33131	11	0.950937	0.000301191	0.0184814	0.000258979
1.33262	12	0.951871	0.000574999	0.018567	0.000484513
1.33521	13	0.953723	0.000269259	0.0186964	0.000242275
1.33526	14	0.953754	0.000534001	0.0186302	0.000455453
1.33686	15	0.954901	0.000279796	0.0180509	0.000252801
1.33696	16	0.954969	0.000530099	0.0180873	0.000325067
1.33842	17	0.956015	0.000241702	0.0182603	0.000214111
1.33935	18	0.956677	0.000562506	0.0185694	0.000317346
1.33963	19	0.956876	0.000235565	0.0182253	0.000205414
1.33985	20	0.957038	0.000527972	0.0185322	0.000315949
1.34066	21	0.957613	0.00023754	0.0182565	0.000215234
1.34102	22	0.957869	0.000562968	0.0187488	0.000320279
1.34077	23	0.957695	0.000529026	0.0188154	0.000274661
1.34074	24	0.957675	0.000505205	0.0186231	0.000303206
1.34056	25	0.957542	0.0005539	0.0190488	0.000361756
1.33871	26	0.956223	0.000515117	0.0191264	0.00035028
1.34049	27	0.957495	0.000472774	0.0184144	0.000288814
1.33147	0	0.918253	0.000675651	0.0457301	0.000641761
1.36107	1	0.938671	0.000346362	0.0360474	0.000197795
1.36543	2	0.941677	0.00015031	0.0364609	0.00013877
1.36335	3	0.940239	0.000167189	0.0374073	0.00015566
1.35757	4	0.936255	0.000137462	0.0407447	0.000138167
1.31497	5	0.906877	0.000416345	0.0524364	0.000617144
1.28667	6	0.887358	0.00188291	0.0522423	0.00296405
1.35336	7	0.93335	0.000462714	0.0272556	0.000401764
1.36943	8	0.944434	0.000715388	0.0202471	0.000972005
1.37322	9	0.947045	0.000618179	0.0187542	0.000625291
1.37634	10	0.949203	0.000607853	0.0190742	0.000657419
1.37809	11	0.950404	0.000668482	0.0184349	0.000529969
1.3801	12	0.951795	0.000578557	0.0184776	0.000451587
1.38054	13	0.952094	0.000603151	0.0181119	0.000400166
1.3832	14	0.953928	0.000582915	0.0188906	0.000411997
1.38391	15	0.954423	0.00027118	0.0186855	0.000243661
1.38462	16	0.954909	0.000262709	0.0186223	0.000236164
1.38513	17	0.955261	0.000535213	0.0184198	0.000322046
1.38612	18	0.955946	0.000239011	0.0184549	0.000211651
1.38723	19	0.956712	0.000482426	0.0181323	0.000300565
1.38983	20	0.958505	0.000493897	0.0181032	0.000306436
1.3886	21	0.957653	0.000496193	0.0186583	0.000327795
1.38895	22	0.957894	0.000543018	0.0183016	0.000326511
1.38834	23	0.957478	0.000572457	0.0189071	0.000371228
1.38727	24	0.956741	0.000512935	0.0193117	0.000329373
1.38891	25	0.957869	0.000480993	0.0192064	0.000364621
1.38758	26	0.956952	0.00052602	0.0190116	0.000351723
1.38708	27	0.95661	0.00047544	0.018918	0.000340328
1.37689	0	0.91793	0.000645735	0.0396307	0.00144308
1.40686	1	0.937905	0.000332664	0.0370963	0.000450539
1.41225	2	0.941502	0.000144828	0.0379798	0.000152904
1.41052	3	0.940344	0.000145933	0.0398348	0.000159997
1.40252	4	0.935014	0.000140235	0.0407292	0.000150747
1.3631	5	0.908731	0.000748798	0.0471313	0.00171822
1.32968	6	0.886456	0.000844287	0.0532101	0.00076906
1.39807	7	0.932048	0.000801799	0.0263945	0.000473816
1.41351	8	0.942337	0.000977661	0.02249	0.00208249
1.42068	9	0.947118	0.000311515	0.0184477	0.000238098
1.42143	10	0.947621	0.000555167	0.0188023	0.00079958
1.4246	11	0.949735	0.000291308	0.0185729	0.000232904
1.42638	12	0.950921	0.000515692	0.0180754	0.000568103
1.42923	13	0.952817	0.000492243	0.018272	0.000596665
1.43077	14	0.953846	0.000480864	0.0182634	0.000508726
1.42988	15	0.953251	0.000470439	0.0181765	0.000467544
1.43242	16	0.954948	0.000468566	0.0179506	0.000497011
1.43276	17	0.955174	0.000461491	0.0183834	0.000440191
1.43419	18	0.956127	0.000430478	0.0181897	0.000460439
1.43373	19	0.955823	0.000414043	0.0179666	0.000383177
1.43533	20	0.956887	0.00045509	0.0187248	0.00042098
1.43388	21	0.95592	0.000422524	0.0181066	0.000420605
1.43601	22	0.957337	0.00042258	0.0186757	0.000389216
1.43524	23	0.956827	0.000415184	0.0181573	0.000388032
1.43478	24	0.956521	0.000433765	0.0186685	0.000373189
1.43407	25	0.956044	0.000415646	0.0184022	0.000411864
1.4336	26	0.955733	0.000422667	0.0190921	0.000450286
1.43361	27	0.955742	0.000414709	0.0184208	0.000456618
1.42148	0	0.917085	0.000631793	0.0447264	0.000592417
1.45242	1	0.937043	0.00033993	0.0356885	0.000190996
1.45711	2	0.940068	0.000173076	0.0359981	0.000153564
1.45614	3	0.939444	0.000146937	0.0363572	0.000132901
1.44907	4	0.934883	0.000138484	0.039605	0.000133399
1.40401	5	0.905812	0.000175913	0.0518136	0.000167301
1.38077	6	0.890821	0.00189196	0.049743	0.00260911
1.44378	7	0.931474	0.000424281	0.0254909	0.000339241
1.46198	8	0.943216	0.000727599	0.0200493	0.00106629
1.46802	9	0.947112	0.00031356	0.0198671	0.000262664
1.46929	10	0.947932	0.000545262	0.0177677	0.000550759
1.47223	11	0.949826	0.000290458	0.0182669	0.000240341
1.47356	12	0.950681	0.000622743	0.0189348	0.00053573
1.47637	13	0.952498	0.000550246	0.0188827	0.000466797
1.47818	14	0.953663	0.000266267	0.0188503	0.000232918
1.47867	15	0.953979	0.000287051	0.0197087	0.000271258
1.4803	16	0.955031	0.000234506	0.0186355	0.000208722
1.4795	17	0.954514	0.000231233	0.0182298	0.000192975
1.4814	18	0.955742	0.00050988	0.0179805	0.000304132
1.48199	19	0.95612	0.000492027	0.0188339	0.000354453
1.48278	20	0.956633	0.000220712	0.0182876	0.000196023
1.48243	21	0.956404	0.000220767	0.0185554	0.000195286
1.48305	22	0.956805	0.000236987	0.0186752	0.000231875
1.48444	23	0.957706	0.000465189	0.0184274	0.000319667
1.48256	24	0.956487	0.000480241	0.018921	0.000295109
1.48226	25	0.956299	0.000463391	0.0190394	0.000352274
1.48243	26	0.956406	0.000519569	0.0188799	0.000321379
1.48242	27	0.956401	0.000516622	0.0190246	0.000327972
1.46749	0	0.917182	0.000614322	0.0443663	0.000595701
1.49886	1	0.936789	0.00033857	0.0347691	0.0001857
1.50294	2	0.939337	0.000152479	0.0352266	0.000131952
1.50099	3	0.938116	0.000153813	0.0362464	0.000134973
1.49419	4	0.933869	0.000137959	0.0388851	0.000128546
1.44914	5	0.90571	0.000394923	0.0502236	0.000548345
1.41804	6	0.886275	0.00196543	0.0506237	0.00272798
1.48907	7	0.93067	0.000450068	0.0269476	0.000363768
1.5084	8	0.942753	0.000782548	0.018719	0.00149866
1.5132	9	0.945749	0.000319005	0.0187386	0.000254829
1.51782	10	0.948635	0.000626656	0.019186	0.000908634
1.51918	11	0.949484	0.00028661	0.0183319	0.000237424
1.52199	12	0.951246	0.000542021	0.0174153	0.000675289
1.52207	13	0.951297	0.000560549	0.0179659	0.000554169
1.52426	14	0.952665	0.000532617	0.0176976	0.000600835
1.52593	15	0.953706	0.00027891	0.018565	0.000271435
1.5258	16	0.953626	0.000554339	0.0174871	0.000432776
1.52789	17	0.954928	0.000589409	0.0185007	0.000553467
1.53039	18	0.956495	0.000556185	0.01855	0.000513454
1.52834	19	0.955215	0.000476263	0.0166729	0.000319539
1.53154	20	0.957211	0.000240085	0.0185083	0.000238922
1.5299	21	0.956188	0.000468985	0.018219	0.000415809
1.53098	22	0.956862	0.000514926	0.0184359	0.000417853
1.53007	23	0.956291	0.000506845	0.0182161	0.000374228
1.52833	24	0.955204	0.000611583	0.019276	0.000479688
1.53045	25	0.95653	0.000497292	0.0183778	0.000435192
1.52875	26	0.95547	0.000486911	0.0195484	0.000525186
1.52794	27	0.954964	0.000473853	0.0177382	0.000348137
1.51275	0	0.916816	0.000247418	0.042581	0.000247677
1.54562	1	0.936741	0.000320308	0.0345714	0.000359771
1.55016	2	0.93949	0.000144283	0.0365756	0.000143923
1.54822	3	0.938312	0.000143736	0.0389189	0.000149553
1.54048	4	0.933622	0.000346938	0.0385987	0.000538917
1.49621	5	0.906796	0.000177059	0.0448071	0.000154213
1.46658	6	0.888837	0.000778538	0.0521636	0.00080397
1.53613	7	0.930989	0.000896323	0.0266696	0.000460413
1.55522	8	0.94256	0.00034179	0.0203285	0.000270224
1.56022	9	0.945588	0.000611232	0.0189662	0.00119644
1.56352	10	0.947589	0.000514474	0.0169276	0.00072195
1.56627	11	0.949254	0.000278844	0.0179878	0.000224039
1.56916	12	0.951009	0.000517436	0.0174686	0.000636528
1.57056	13	0.951855	0.000483999	0.0182279	0.000649007
1.57165	14	0.952514	0.000460387	0.0183181	0.000540101
1.57243	15	0.952986	0.000239079	0.017849	0.000197589
1.57341	16	0.953584	0.000222848	0.0178378	0.000183799
1.57464	17	0.95433	0.000440599	0.0173301	0.000399986
1.57436	18	0.954157	0.000440581	0.0181214	0.000435635
1.57599	19	0.955147	0.0004457	0.0180747	0.000400308
1.57708	20	0.955806	0.000437749	0.0186826	0.0004383
1.57628	21	0.955321	0.000427681	0.0178035	0.000353141
1.57751	22	0.956069	0.000200767	0.0180096	0.000172804
1.57646	23	0.955429	0.000469876	0.0189367	0.000420288
1.57757	24	0.956105	0.000387529	0.0189709	0.000415318
1.57658	25	0.955506	0.000438607	0.0188565	0.000409723
1.57555	26	0.954879	0.000207109	0.0190483	0.000182423
1.57467	27	0.954345	0.000422934	0.018165	0.00041247
1.55924	0	0.917201	0.000603604	0.0442282	0.000627406
1.59066	1	0.935681	0.000327753	0.033973	0.00017261
1.59488	2	0.938164	0.000156238	0.0345045	0.000131117
1.59415	3	0.937734	0.000368473	0.0351976	0.000195526
1.58747	4	0.933804	0.00013454	0.037815	0.000122443
1.53856	5	0.905037	0.000172041	0.0479998	0.000157945
1.50967	6	0.888043	0.00187592	0.0485121	0.00262915
1.58208	7	0.930637	0.000924421	0.0264763	0.000553158
1.60289	8	0.942875	0.000586168	0.0183192	0.000742366
1.60772	9	0.945716	0.00031186	0.0182805	0.000237093
1.60878	10	0.946342	0.000570713	0.0182208	0.00051113
1.6136	11	0.949177	0.000509273	0.018658	0.000578448
1.61675	12	0.951031	0.000544046	0.018826	0.000569418
1.61734	13	0.951379	0.000252486	0.0182904	0.00020375
1.61885	14	0.952266	0.000480203	0.0181195	0.000416057
1.62008	15	0.952986	0.000546769	0.0180962	0.00044541
1.62183	16	0.954019	0.000225363	0.0180813	0.000189927
1.62303	17	0.954725	0.000467233	0.0187821	0.000428597
1.62299	18	0.954699	0.00021849	0.0184107	0.000185836
1.62445	19	0.955561	0.000205208	0.0185184	0.000176611
1.62451	20	0.955593	0.000474528	0.0183648	0.000315433
1.62449	21	0.955582	0.000202172	0.0182135	0.000168921
1.62539	22	0.956111	0.000416386	0.0184507	0.000335401
1.62521	23	0.956003	0.000447413	0.0186248	0.00033941
1.62555	24	0.956205	0.000449047	0.01876	0.000297332
1.6247	25	0.955708	0.00043199	0.0191667	0.000343107
1.6241	26	0.955352	0.000426763	0.0183499	0.000303065
1.62186	27	0.954034	0.000206068	0.0185492	0.000171965
1.60397	0	0.916556	0.000654264	0.0431265	0.00058087
1.63728	1	0.935587	0.000298597	0.0336112	0.000163105
1.64208	2	0.93833	0.00014342	0.0337858	0.000119241
1.63957	3	0.936898	0.000145591	0.0345021	0.000121347
1.63305	4	0.933171	0.000332199	0.0374161	0.000208956
1.58357	5	0.904895	0.000171922	0.0493027	0.0001615
1.54937	6	0.885353	0.00179073	0.050176	0.00278318
1.62914	7	0.930936	0.000789577	0.0251353	0.000518248
1.64864	8	0.942079	0.000799479	0.0220519	0.00147966
1.6545	9	0.945426	0.000593512	0.0187737	0.00064996
1.65667	10	0.946669	0.000565644	0.0182992	0.000651808
1.66046	11	0.948834	0.000265674	0.0176408	0.000205271
1.66064	12	0.948936	0.000536264	0.0183748	0.000456981
1.66372	13	0.950696	0.000522997	0.0182088	0.0004907
1.6657	14	0.951826	0.000561318	0.0185875	0.000478093
1.66692	15	0.952525	0.000478405	0.0180531	0.000361871
1.66888	16	0.953645	0.000498624	0.0188477	0.000440274
1.66951	17	0.954003	0.000469852	0.0181321	0.000365943
1.66884	18	0.953622	0.000450474	0.0177789	0.000336507
1.67147	19	0.955126	0.000206845	0.0180651	0.000174732
1.6715	20	0.955144	0.000445104	0.018025	0.000317335
1.67143	21	0.955103	0.000467042	0.0182338	0.000307149
1.67209	22	0.955479	0.000481873	0.0184939	0.000326077
1.67302	23	0.956011	0.000453257	0.0185761	0.000312461
1.67209	24	0.95548	0.000464017	0.0186244	0.000336347
1.67161	25	0.955203	0.000200372	0.0186962	0.000173967
1.67026	26	0.954432	0.000205796	0.0186949	0.000177165
1.67006	27	0.954319	0.000437093	0.0182603	0.000305079
1.64752	0	0.915287	0.000594007	0.0429777	0.000575432
1.68349	1	0.935274	0.00029529	0.033132	0.000156498
1.68787	2	0.937708	0.000150192	0.0335535	0.000124092
1.68692	3	0.937176	0.000138797	0.0339597	0.000114655
1.67809	4	0.932271	0.000326367	0.0366908	0.000200588
1.6273	5	0.904055	0.000374978	0.0472414	0.000474655
1.59157	6	0.884205	0.00165382	0.0463106	0.00226722
1.67484	7	0.930467	0.000899259	0.025269	0.000494311
1.69892	8	0.943842	0.000339082	0.0184625	0.000266423
1.70153	9	0.945296	0.00032558	0.0174538	0.000251398
1.70346	10	0.946369	0.000619225	0.0176837	0.00108432
1.70637	11	0.947982	0.000307061	0.0178562	0.000243697
1.70925	12	0.949586	0.000526608	0.0163432	0.000808579
1.71079	13	0.950439	0.000275781	0.017348	0.000227492
1.7131	14	0.951724	0.000247743	0.0176023	0.000212072
1.71502	15	0.952787	0.000489358	0.0167168	0.000560994
1.71655	16	0.953639	0.000477094	0.017132	0.00063356
1.71653	17	0.95363	0.000251781	0.0177732	0.000228111
1.7177	18	0.954279	0.00023795	0.0181353	0.000222969
1.71671	19	0.953729	0.000244281	0.0171383	0.000216912
1.71912	20	0.955068	0.000221004	0.0173843	0.000196018
1.71831	21	0.954615	0.000544276	0.0181175	0.000620668
1.71965	22	0.955361	0.000497247	0.0170021	0.000475522
1.71921	23	0.955119	0.000507074	0.0170199	0.000454508
1.71958	24	0.95532	0.000508589	0.0189137	0.000782477
1.71821	25	0.95456	0.000436258	0.018038	0.000498126
1.71969	26	0.955382	0.000493818	0.0188425	0.000755914
1.71741	27	0.954119	0.000464585	0.0190468	0.00066507
1.69228	0	0.914747	0.000560093	0.0415644	0.000509949
1.73045	1	0.935377	0.000296649	0.0329286	0.000157669
1.73427	2	0.937442	0.000140168	0.0333482	0.000113469
1.73262	3	0.936553	0.000145563	0.0339244	0.00011925
1.72404	4	0.931914	0.000132346	0.036449	0.000115839
1.67357	5	0.904634	0.000162632	0.0469488	0.000145825
1.63936	6	0.886142	0.00077217	0.0468317	0.00070199
1.72182	7	0.930713	0.000854298	0.0259478	0.000559001
1.74257	8	0.941928	0.000647542	0.0194782	0.00104449
1.74664	9	0.944128	0.000555208	0.0179974	0.000612573
1.75015	10	0.946024	0.000299822	0.0185523	0.000238702
1.75482	11	0.94855	0.000259785	0.0171499	0.000203442
1.75536	12	0.948845	0.000533754	0.018411	0.000489518
1.75516	13	0.948733	0.000551912	0.0175213	0.000366797
1.76004	14	0.951373	0.000237988	0.0183572	0.000193878
1.75986	15	0.951274	0.000243895	0.0185597	0.000198487
1.76161	16	0.952221	0.000486584	0.0179898	0.000381964
1.76292	17	0.95293	0.000470954	0.0181967	0.000363105
1.7649	18	0.954	0.000428688	0.0184	0.000369049
1.766	19	0.954595	0.000462002	0.0184933	0.000343468
1.76567	20	0.954417	0.000429487	0.0183011	0.000355598
1.76534	21	0.954237	0.000214818	0.0184636	0.000183849
1.76648	22	0.954856	0.000203887	0.0180895	0.000171825
1.7674	23	0.955349	0.000410073	0.018429	0.000349328
1.76589	24	0.954536	0.000438441	0.0190822	0.0003526
1.76545	25	0.954295	0.000193009	0.0184645	0.000165509
1.7648	26	0.953945	0.000449119	0.0191347	0.00035748
1.76324	27	0.953105	0.000208632	0.0190328	0.000177141
1.73804	0	0.914756	0.000575855	0.0432587	0.000591578
1.77602	1	0.93475	0.00028829	0.0324675	0.00015332
1.78115	2	0.93745	0.00013856	0.0331877	0.000114513
1.77833	3	0.935965	0.000143067	0.033601	0.000115716
1.77002	4	0.931588	0.000131255	0.0365983	0.000113954
1.71629	5	0.903309	0.000166659	0.0451677	0.000146195
1.68033	6	0.884387	0.00178966	0.0461977	0.00219447
1.76568	7	0.929307	0.000864184	0.0249522	0.000480999
1.78806	8	0.941087	0.000732921	0.0205204	0.00115266
1.79079	9	0.942522	0.00056616	0.0177272	0.000726383
1.79368	10	0.944041	0.000622245	0.019483	0.000768683
1.79996	11	0.947345	0.000556737	0.0183657	0.000515009
1.80126	12	0.948032	0.00056369	0.0199153	0.000691527
1.80472	13	0.949851	0.000247916	0.0184021	0.000197321
1.80751	14	0.951319	0.000442786	0.018087	0.000430697
1.80567	15	0.950351	0.000496443	0.0185056	0.000420494
1.80921	16	0.952214	0.000496632	0.0181622	0.000364541
1.80997	17	0.952614	0.000466845	0.018345	0.000405154
1.81035	18	0.952817	0.000220959	0.017966	0.000182721
1.81185	19	0.953605	0.000480672	0.0184436	0.000374621
1.81265	20	0.954024	0.000207805	0.0182171	0.000174554
1.81175	21	0.953551	0.000211369	0.0186495	0.000177843
1.81476	22	0.955139	0.000194194	0.0184729	0.00016913
1.81335	23	0.954397	0.000438414	0.0185548	0.000311317
1.81405	24	0.954765	0.000414625	0.0188019	0.000323851
1.81288	25	0.95415	0.000409968	0.0192049	0.00035784
1.81101	26	0.953164	0.000200976	0.018879	0.000168416
1.81149	27	0.953415	0.000207613	0.0192633	0.000185968
1.78151	0	0.913597	0.000239194	0.0418321	0.000226547
1.82168	1	0.934197	0.000281622	0.032117	0.000147473
1.82671	2	0.936774	0.000322027	0.0328999	0.000172289
1.82573	3	0.936273	0.000137254	0.0330457	0.000110721
1.81679	4	0.931685	0.00030879	0.0360497	0.000189239
1.76041	5	0.902773	0.000361253	0.0445904	0.000411691
1.71754	6	0.880788	0.000867931	0.0480619	0.000757943
1.81405	7	0.930279	0.000823451	0.0245257	0.000485772
1.83499	8	0.941022	0.000662245	0.0179379	0.000741408
1.83969	9	0.943433	0.000614436	0.0181212	0.000753561
1.84389	10	0.945585	0.000591943	0.0201129	0.000891615
1.84723	11	0.947298	0.000550061	0.0185118	0.000511566
1.84796	12	0.947672	0.000272423	0.0196637	0.000235871
1.8513	13	0.949385	0.000514859	0.0184494	0.00048918
1.85218	14	0.949834	0.00046566	0.0179382	0.000468444
1.85259	15	0.950046	0.00050822	0.0187976	0.000438805
1.85806	16	0.952854	0.000214823	0.018871	0.000186261
1.85712	17	0.95237	0.000233574	0.0186065	0.000198236
1.85869	18	0.953176	0.000423517	0.0177055	0.000321658
1.85857	19	0.953114	0.000447184	0.0179983	0.00035851
1.85996	20	0.953826	0.00021121	0.0184661	0.000179809
1.86189	21	0.954817	0.000196587	0.0185366	0.00016819
1.86121	22	0.954466	0.000445041	0.0182858	0.000312565
1.86333	23	0.955553	0.000183564	0.0189376	0.000162568
1.86032	24	0.954011	0.000435252	0.0186635	0.000326817
1.8599	25	0.953796	0.000190855	0.0182352	0.000162272
1.85765	26	0.95264	0.000201432	0.0184281	0.000161825
1.85827	27	0.95296	0.000451907	0.018783	0.000336581
1.82413	0	0.912067	0.000242807	0.0420743	0.000227756
1.86741	1	0.933707	0.000280236	0.032136	0.000148914
1.8711	2	0.93555	0.000324506	0.0328586	0.00016863
1.87104	3	0.935521	0.000142622	0.0327208	0.000115798
1.86246	4	0.93123	0.000298051	0.0351977	0.000179811
1.80298	5	0.901492	0.00016674	0.0449159	0.000146751
1.76234	6	0.881171	0.000784011	0.0441748	0.000657132
1.85981	7	0.929907	0.000374725	0.0247792	0.00029383
1.87999	8	0.939997	0.000756031	0.0207888	0.00151161
1.88496	9	0.942478	0.000699263	0.0194862	0.000948958
1.88732	10	0.94366	0.000677017	0.0209506	0.0011932
1.89355	11	0.946773	0.000288424	0.0194826	0.000241154
1.89281	12	0.946403	0.00054915	0.0195369	0.000727086
1.89635	13	0.948173	0.000536407	0.0193489	0.000584109
1.89827	14	0.949133	0.000525497	0.0190706	0.000502474
1.8998	15	0.949898	0.000510764	0.0187439	0.000501442
1.9031	16	0.951551	0.000490637	0.0183985	0.000412445
1.90255	17	0.951274	0.00045525	0.0181515	0.000387666
1.90441	18	0.952206	0.000454215	0.0187436	0.000392891
1.90565	19	0.952826	0.00044696	0.0188834	0.0003727
1.90765	20	0.953824	0.000425839	0.0184477	0.0003558
1.9091	21	0.954552	0.00019911	0.0191957	0.000179008
1.90684	22	0.953418	0.000465831	0.0188875	0.000344919
1.90671	23	0.953353	0.000415966	0.0188966	0.000338467
1.9074	24	0.953698	0.000429217	0.0192515	0.000385734
1.90708	25	0.953539	0.000418974	0.0189835	0.0003518
1.90619	26	0.953095	0.000202607	0.0191443	0.000170847
1.90511	27	0.952556	0.000207052	0.0188297	0.000174761
1.86603	0	0.910257	0.000245001	0.0437733	0.000234076
1.91163	1	0.932503	0.000275496	0.0320459	0.00014461
1.9149	2	0.934099	0.000140475	0.0325274	0.000110222
1.91631	3	0.934787	0.000137087	0.0319691	0.000106551
1.90691	4	0.930202	0.000293632	0.0348968	0.000177945
1.84121	5	0.898149	0.000347081	0.046014	0.000469136
1.80804	6	0.881972	0.000766613	0.0454413	0.000666408
1.90658	7	0.930041	0.000840817	0.0250703	0.000493795
1.92742	8	0.940205	0.000365228	0.0206964	0.000299625
1.92975	9	0.941342	0.000758886	0.0212488	0.00150182
1.93291	10	0.942885	0.000328857	0.0210923	0.000285826
1.93854	11	0.94563	0.000567327	0.0188911	0.00071173
1.94057	12	0.946619	0.000671307	0.0203696	0.000825432
1.94358	13	0.948087	0.000255864	0.0176614	0.000203819
1.94482	14	0.948694	0.000511142	0.0195939	0.0008657
1.94645	15	0.949489	0.000247862	0.0189528	0.000214377
1.95014	16	0.951288	0.000473807	0.0188341	0.000421726
1.95181	17	0.952103	0.000448687	0.0193688	0.000455303
1.94936	18	0.950908	0.000450514	0.0186011	0.000385176
1.95421	19	0.953275	0.000210788	0.0186681	0.000183112
1.95185	20	0.952123	0.000459276	0.0190529	0.000384424
1.95519	21	0.953749	0.000462028	0.0189159	0.000367141
1.9552	22	0.953757	0.000199344	0.0189494	0.000168505
1.9568	23	0.954535	0.000440711	0.0187557	0.000382299
1.95452	24	0.953424	0.00042172	0.0193617	0.000372457
1.95516	25	0.953735	0.000421489	0.0186971	0.000334778
1.95365	26	0.953001	0.000200417	0.0195478	0.000178356
1.95184	27	0.952117	0.000435122	0.0190814	0.00036442
1.90879	0	0.90895	0.000245569	0.0450852	0.000239857
1.95688	1	0.93185	0.00027249	0.0321838	0.000148619
1.95891	2	0.932813	0.000313038	0.0329295	0.000166962
1.95916	3	0.932935	0.000140556	0.0324982	0.000108519
1.9503	4	0.928712	0.000291019	0.0345885	0.000167274
1.8801	5	0.895285	0.000172485	0.0470737	0.000144486
1.84556	6	0.878837	0.000772218	0.0512127	0.000715542
1.95071	7	0.928911	0.000810528	0.0240816	0.000468925
1.97071	8	0.938434	0.000331743	0.0252313	0.000292749
1.97214	9	0.939115	0.000700684	0.0197973	0.00107547
1.98006	10	0.942885	0.000339122	0.0213	0.000304079
1.98446	11	0.944982	0.000573485	0.0193067	0.000823523
1.98712	12	0.946248	0.000283929	0.0213625	0.000271886
1.9888	13	0.947049	0.000492464	0.0188478	0.000632432
1.99013	14	0.947682	0.000521526	0.0195452	0.000717314
1.99217	15	0.948651	0.000557594	0.0212963	0.000847573
1.99589	16	0.950422	0.000448494	0.0183744	0.000440981
1.99367	17	0.949365	0.000452002	0.0188396	0.000424077
1.99684	18	0.950877	0.000488428	0.019381	0.000486083
1.99728	19	0.951087	0.000450957	0.019064	0.000393314
1.99955	20	0.952166	0.000210838	0.0192037	0.000185137
2.00148	21	0.953084	0.000426816	0.0182802	0.000351589
2.00201	22	0.953338	0.000197211	0.0192012	0.000174599
2.00156	23	0.953125	0.000416895	0.0185916	0.000333171
2.00196	24	0.953312	0.000436996	0.019255	0.000368934
2.00066	25	0.952696	0.000429769	0.0185809	0.000318427
1.99947	26	0.952126	0.00042692	0.0185532	0.000375079
1.99954	27	0.952161	0.000205435	0.0195841	0.000179858
1.94656	0	0.905377	0.000256906	0.047271	0.000243428
1.99804	1	0.929319	0.000280316	0.032659	0.000149733
2.00163	2	0.93099	0.000142761	0.0335052	0.000111434
2.004	3	0.932093	0.000137684	0.0325113	0.000105367
1.9944	4	0.927627	0.000286961	0.034614	0.000170551
1.91745	5	0.891838	0.000370939	0.050646	0.00061797
1.88977	6	0.878962	0.000782147	0.0511421	0.000753581
1.997	7	0.928837	0.000793414	0.024153	0.000465201
2.01873	8	0.938944	0.000680495	0.019008	0.00111268
2.01799	9	0.938602	0.000384379	0.0207914	0.000300028
2.02299	10	0.940927	0.000688428	0.0187246	0.00105535
2.02841	11	0.943447	0.000618335	0.0183616	0.000789853
2.03197	12	0.945102	0.000312011	0.0192324	0.000256448
2.03617	13	0.947055	0.000530191	0.0206544	0.000946954
2.03599	14	0.946971	0.000562988	0.0192161	0.000705522
2.03378	15	0.945943	0.00056096	0.0201845	0.000758063
2.04046	16	0.949051	0.00045835	0.0183825	0.000421071
2.04153	17	0.949551	0.000470764	0.0194759	0.000575852
2.04218	18	0.949853	0.000232612	0.0206495	0.000206094
2.04251	19	0.950003	0.000446403	0.018702	0.000398258
2.04401	20	0.950701	0.000220747	0.0196741	0.000192322
2.04727	21	0.95222	0.00021549	0.0189721	0.000184547
2.04821	22	0.952656	0.000428108	0.0197129	0.00040966
2.04861	23	0.952841	0.000382677	0.0184656	0.000354504
2.0496	24	0.953301	0.000395217	0.0187167	0.000339401
2.04763	25	0.952387	0.000397829	0.0187438	0.000334053
2.04651	26	0.951866	0.000204046	0.0191747	0.000177509
2.0467	27	0.951955	0.000413381	0.0191854	0.000397462
1.9852	0	0.902362	0.000269852	0.051631	0.000266154
2.04102	1	0.927736	0.000285059	0.0334459	0.000156703
2.04433	2	0.929241	0.000319236	0.034265	0.000181198
2.04539	3	0.929723	0.000140726	0.0332457	0.000106973
2.03636	4	0.92562	0.000279724	0.0350915	0.000170421
1.95226	5	0.88739	0.000189625	0.0536982	0.000164491
1.9155	6	0.870683	0.000860571	0.0499063	0.000743595
2.04266	7	0.928482	0.000404112	0.0244151	0.000309077
2.06496	8	0.938619	0.000708605	0.0179598	0.0011115
2.06475	9	0.938521	0.00106389	0.026438	0.00270707
2.06827	10	0.940125	0.000382897	0.0185639	0.000306544
2.07618	11	0.943717	0.000623001	0.0188997	0.000871767
2.07579	12	0.943543	0.000717663	0.0219647	0.00131375
2.07943	13	0.945196	0.000289312	0.020674	0.000254509
2.07935	14	0.945159	0.000603003	0.0209634	0.000844047
2.07862	15	0.944828	0.000553136	0.019982	0.000755114
2.08719	16	0.948723	0.000482575	0.0198466	0.00064189
2.0869	17	0.948593	0.000488257	0.0202652	0.000665027
2.08578	18	0.948082	0.000461104	0.0200282	0.000668565
2.08977	19	0.949897	0.000465423	0.0202675	0.000607874
2.08673	20	0.948513	0.000463663	0.0208595	0.000629841
2.09374	21	0.951699	0.000210798	0.0188872	0.000181341
2.093	22	0.951365	0.000427602	0.0199098	0.000448377
2.09592	23	0.952691	0.000197979	0.0189342	0.000174515
2.09421	24	0.951916	0.000391765	0.0183815	0.000366663
2.09367	25	0.951667	0.000448205	0.0190872	0.000355762
2.0938	26	0.951726	0.000197535	0.0187567	0.00016535
2.09087	27	0.950396	0.000434216	0.0197482	0.000429322
2.0245	0	0.899776	0.000282006	0.0586181	0.000312086
2.08132	1	0.925033	0.000293686	0.0347632	0.000170896
2.08541	2	0.926851	0.000151954	0.035645	0.000120654
2.089	3	0.928446	0.000144078	0.0340879	0.000111667
2.0788	4	0.923911	0.000304654	0.0360092	0.000182096
1.98948	5	0.884213	0.000197397	0.0577122	0.000178688
1.95192	6	0.86752	0.000938912	0.0619115	0.000884223
2.08899	7	0.928438	0.000797199	0.0238961	0.000449843
2.10878	8	0.937234	0.000765923	0.0186547	0.00129727
2.11496	9	0.939983	0.000362852	0.017401	0.000289893
2.11293	10	0.939079	0.000406771	0.0202494	0.000327094
2.11791	11	0.941294	0.000621231	0.019682	0.000915231
2.12153	12	0.942904	0.000675998	0.0207475	0.00105776
2.12302	13	0.943564	0.000592629	0.0198332	0.000952194
2.12717	14	0.945407	0.000636644	0.0205824	0.000903761
2.12802	15	0.945787	0.000725471	0.0232748	0.001362
2.13274	16	0.947883	0.000464535	0.0191969	0.000604504
2.12901	17	0.946229	0.000263863	0.0207999	0.00022725
2.13004	18	0.946684	0.000251053	0.0211507	0.000227708
2.13425	19	0.948557	0.000469035	0.0199505	0.000636347
2.13077	20	0.94701	0.000242977	0.0214669	0.000209785
2.13923	21	0.950769	0.000407227	0.018929	0.000386783
2.13712	22	0.949831	0.000452068	0.0200409	0.000482682
2.14202	23	0.952011	0.000393371	0.018599	0.00037013
2.14238	24	0.952168	0.000197663	0.0193362	0.000172224
2.14281	25	0.952362	0.000188684	0.0191347	0.000163996
2.14164	26	0.951841	0.000419269	0.0192407	0.000434779
2.13703	27	0.94979	0.000448446	0.0198504	0.00045207
2.05829	0	0.894908	0.000286694	0.0610129	0.000298038
2.12112	1	0.922225	0.000311716	0.0366043	0.000194286
2.12539	2	0.924083	0.000157353	0.0372128	0.000128045
2.13136	3	0.92668	0.00014683	0.0351752	0.00011668
2.12113	4	0.922232	0.00013608	0.0373086	0.000110879
2.02042	5	0.878444	0.000210608	0.0652569	0.000200251
1.98395	6	0.862587	0.000937922	0.0663149	0.000929645
2.13048	7	0.926297	0.000713889	0.0240041	0.000468799
2.15088	8	0.935165	0.000813652	0.019337	0.00142181
2.14786	9	0.933853	0.000484238	0.0213997	0.000374332
2.15896	10	0.93868	0.000410005	0.0231288	0.000340838
2.16237	11	0.94016	0.000815495	0.0212195	0.00155911
2.16432	12	0.941007	0.000365034	0.0239155	0.000320571
2.17029	13	0.943606	0.000623494	0.0211544	0.00102642
2.17186	14	0.944288	0.000303661	0.0202137	0.000259746
2.173	15	0.944782	0.000727431	0.0223431	0.00135135
2.17729	16	0.946647	0.000500241	0.0193062	0.000552421
2.17498	17	0.945643	0.000269785	0.022689	0.000250939
2.17227	18	0.944463	0.000611	0.0223716	0.00114336
2.17788	19	0.946904	0.000245656	0.0227472	0.000220864
2.17704	20	0.946541	0.000559441	0.0227168	0.00095533
2.18867	21	0.951594	0.000396146	0.0186952	0.000392473
2.18274	22	0.949015	0.000463585	0.0213255	0.000598195
2.18619	23	0.950517	0.000418367	0.0193229	0.000453484
2.18751	24	0.951093	0.000433242	0.0196726	0.000417988
2.18868	25	0.951602	0.000409241	0.0186981	0.000350956
2.18338	26	0.949298	0.00044137	0.0195528	0.000421935
2.18244	27	0.948887	0.000409974	0.0205006	0.000515067
