#input normalization
1 0
1 0
1 0
1 0
1 0
1 0
1 0
1 0
1 0
1 0
1 0
1 0
#output normalization
1 0
#neurons weights
-0.290313
0.298774
0.297145
-0.213834
-0.300609
-0.0887074
-0.122832
-0.0905352
-0.323671
0.00132584
0.363485
-0.0260944
0.387295
0.413129
0.170741
0.336651
-0.291686
-0.0108304
2.65301
0.342739
0.542162
0.536505
0.263516
1.04576
-0.542894
-0.744615
-0.743362
1.18706
-0.539776
0.304634
-0.64759
0.378077
-1.31398
-0.17337
-0.106774
0.53807
1.28225
#synapses weights
0.0870484
0.389344
-0.259325
-0.0796307
-0.426055
-0.304072
0.222052
-0.0305368
-0.16764
0.238957
-0.176617
0.28163
-3.83779
0.624927
-0.669826
-1.06948
-1.17339
-1.17667
-0.0148499
-0.0869946
-1.35246
-0.379339
-0.13327
0.227746
0.124729
-0.234727
0.645409
0.143962
-0.0477722
0.46362
-0.568908
0.00971117
-0.291886
-0.211395
0.359968
-0.0348189
1.18432
0.967384
0.364534
-0.617927
-1.14077
-1.82463
-0.665188
-1.00614
0.531394
-0.316176
-0.543087
-0.471164
-0.303184
0.0436461
-0.539429
-0.534235
-0.548958
-0.0698886
-0.347182
0.395513
-1.24551
-0.134188
0.273276
0.0518734
-0.464279
1.18616
-0.276802
0.291411
0.50157
0.192226
0.390729
-1.0551
0.141973
-0.671997
-0.304023
0.172358
0.852221
-0.134232
0.0575431
3.4999
-1.63144
1.08829
1.65736
3.02618
-4.47275
-0.0908312
0.0273628
-0.556683
0.200588
-0.233021
-0.276377
-0.213172
-0.351574
0.389915
0.433543
0.686604
-0.0744384
-0.0521786
0.0251689
-0.190663
0.0711711
0.555945
-0.583511
-0.876368
-0.0303388
-0.00305817
-0.233239
-1.19274
0.598782
-0.354072
0.00328939
0.370103
-0.194072
3.23341
0.676419
-0.784319
-0.297215
-0.458108
-0.716952
2.32616
-0.605087
-0.483362
0.279075
0.517186
0.788581
5.6347
-1.76916
-2.34019
-2.44989
-1.26296
0.406702
-2.05294
0.554098
-0.479888
0.0437127
1.29658
0.314536
-0.315094
-0.715255
0.0928286
0.265028
-0.129722
0.432499
0.0727521
0.0801745
0.0859981
-0.0564377
0.35217
2.60652
1.48382
-0.345778
0.676118
0.152239
-0.00500153
-0.0789913
-0.552325
-0.474855
0.249344
0.252082
0.338822
-1.77568
-0.636987
-3.06727
-0.00535204
-2.76241
-2.34655
-0.469455
0.776557
1.83995
-3.24004
-0.556167
1.69483
-4.8582
2.12037
-0.107656
-1.12228
0.619133
-0.206854
0.435488
0.794211
-0.500124
0.830051
0.612212
-0.563347
3.89891
2.00773
-0.275868
0.176291
-1.29478
-0.36948
0.178405
-2.06214
0.529378
0.415942
-0.539339
-0.184305
-1.20875
0.418934
-2.24543
-1.04838
-2.46112
-1.20083
-0.46375
-0.752617
-1.01565
0.36635
-0.460051
-0.00276085
-0.220961
-3.1482
0.383634
0.920205
0.123509
-1.33121
-0.575728
1.52438
0.18637
0.919784
-0.180344
0.50965
0.223529
-0.260625
-0.0635179
0.685597
0.835377
2.85408
0.708764
0.32239
-0.402651
-1.04418
0.277476
0.507191
22.1766
0.544303
-9.87692
-9.68636
-9.15454
-5.23819
-0.277707
-2.83787
-0.383129
6.62912
0.0415745
1.0067
1.29108
-0.0537631
1.51294
2.56631
0.647457
-0.80917
-1.49406
1.00955
-1.56155
-0.627468
0.0619655
0.336825
-0.660371
0.184693
1.4071
0.616394
0.0651014
-1.16726
-1.14471
0.165251
-0.0997134
0.917047
0.122349
0.327433
-5.57261
0.6602
-0.252513
2.53332
-0.00386066
0.35204
-0.172382
-3.84088
0.364185
-2.83418
-0.56481
-1.09767
-8.83041
0.466161
0.107999
-0.312722
-0.47499
-0.626136
0.478272
0.671116
-0.713417
1.38629
-0.304758
-0.546788
0.566886
-3.18665
-0.301116
-1.52063
-0.669381
1.11525
3.30178
0.211745
0.920623
-2.07018
0.271579
0.594273
1.37455
2.82573
2.65239
-2.10881
0.212011
-1.69577
1.75811
1.98782
-2.65173
-1.9838
3.99239
-3.48825
