#input normalization
0.414371 1.31286
1.81669 0.00393195
0.429603 -0.000346346
21.638 19.4688
0.901661 1.20804
4.09346 0.590919
496.218 -442.296
0.240421 2.94036
#output normalization
1 0
#neurons weights
0.384226
0.466591
0.0173654
-0.249298
-0.247822
0.329551
-0.447187
0.205639
2.3317
-0.178414
2.95171
-1.50866
-3.0534
0.131215
0.971526
-0.421573
-0.722216
-0.0191313
1.33852
-1.26902
-0.700693
-1.20173
-1.39786
1.20108
0.641165
#synapses weights
0.347551
-0.038691
-1.96462
1.95433
-0.364411
-1.91282
0.20369
0.0291524
-0.0680775
-0.143994
0.0158149
0.667015
-0.388443
-0.201023
0.458548
-0.222839
-0.253249
0.0431426
1.72572
2.64187
-0.335871
1.98361
0.105881
-0.203031
0.613702
0.0102302
-0.200536
-2.23356
1.1811
0.186371
-0.279912
0.757615
0.331235
-0.00111819
-0.165095
0.463649
0.121569
-1.3314
0.0494999
2.54098
-1.59885
0.109414
0.00769657
-1.18604
0.261175
0.552798
-0.153291
0.339245
-2.03168
0.0733417
-0.134035
1.45636
0.153047
3.1759
0.0407169
-0.664073
-0.219347
-0.000675299
0.138661
0.574744
0.0430572
-0.116676
-0.376687
-0.0817997
1.07708
0.0741023
-0.279883
-0.207034
-0.234872
-0.255023
-0.625293
0.861075
0.0808205
0.122076
-0.0242109
0.349836
-0.0873722
-0.00341957
-0.0340862
-0.059793
-0.299861
0.0119012
0.116301
2.06751
0.163
0.671983
0.123286
-0.104425
0.31441
0.0341282
0.151779
-0.394948
0.70831
0.0634661
-0.331293
-0.333809
-0.138706
0.0349222
0.0268189
-3.45062
-0.402731
-1.87771
-0.244196
-0.203668
-1.04021
-0.0061826
-0.414125
0.071028
0.0658356
-0.0793302
-0.144973
-0.0214879
-1.01498
-0.00472593
1.23826
1.42028
-0.321655
-2.34977
0.177657
-0.0834274
1.57321
0.0343942
0.468201
-3.43358
-0.0218747
0.55798
-0.18222
-0.0383575
0.681787
1.20941
0.844039
0.481751
1.1854
0.694748
0.919948
0.986726
-0.281874
0.666811
-2.55546
0.494952
-0.83704
-0.930002
-0.490154
1.15842
