-2.0123   1.7047   0.57483   -0.84168   -0.12855   1.0983   0.47733   0.28695   0.035272   -0.52676   0.04869   1.0944   0.36807   0.39316   2.19E+00   0.93352   0.10889   4.11E+00   -2.30E-01   0.93816   3.68E+00   7.43E-01   0.76966   5.18E+00         
2.2483   -1.9   -0.73487   0.89386   0.13574   -1.2524   -0.49325   -0.2972   -0.09488   0.52095   -0.048219   -1.1401   -0.34915   -0.37637   -2.1417   -0.8435   -0.098001   -3.7597   0.19948   -0.80631   -3.1954   -0.61197   -0.62835   -4.2528         
-0.62788   0.52932   0.23017   -0.23716   -0.035898   0.3552   0.12747   0.07696   0.039449   -0.12875   0.011866   0.29617   0.082788   0.090023   0.52316   0.19052   0.022016   0.85987   -0.043312   0.1732   0.69274   0.12596   0.12822   0.87297         
0.30788   -0.031213   0.0020699   0.28491   -0.031661   -0.00082138   0.24786   -0.027463   0.0056334   0.21711   -0.023985   -0.0011456   0.17335   -0.02658   -0.00051356   0.15492   -0.017917   -0.00084283   0.13697   -0.020922   9.09E-05   0.11283   -0.019264   -0.0029026         
0.004434   -0.00014288   -0.0025903   0.0010212   0.00015265   0.0004836   -4.02E-05   -3.65E-05   0.00061086   0.00014566   3.23E-05   5.92E-05   -0.00023441   0.00018112   -0.00061572   0.00013137   0.00013059   -0.00070475   -0.00010489   9.94E-05   -0.00059397   1.11E-05   -3.72E-05   -0.001075         
0.023654   -0.00024005   0.0008359   0.0069589   -1.14E-05   3.72E-05   -0.0063704   -7.85E-06   -0.0003795   -0.00058502   0.00026293   -0.00014309   5.19E-06   1.97E-05   0.0005207   0.00060803   -0.00011276   0.00086837   0.00030744   -5.82E-05   0.0004563   0.00046036   7.02E-05   0.00022233         
-0.0033077   0.00012297   0.0021649   -0.001005   -0.00013176   0.00018047   -0.00019536   -3.89E-05   -0.00022795   -0.00019098   -2.22E-05   3.99E-05   0.00024804   -0.00019457   0.00052455   -8.86E-05   -5.04E-05   0.0007542   0.00011964   -3.11E-05   0.00057801   -6.58E-05   2.21E-05   0.00086038         
-0.0037574   6.39E-05   -0.00029568   -0.0049419   -1.98E-05   2.05E-05   0.0013874   -2.49E-05   0.00024713   3.29E-05   -0.00018318   0.00010568   -8.48E-05   -1.39E-05   -0.00035508   -0.00042624   6.84E-05   -0.00059315   -0.00019422   2.55E-05   -0.0003048   -0.00030653   -4.09E-05   -0.0001712         
0.00053116   -2.97E-05   -0.00032132   0.00018634   2.55E-05   -3.75E-05   4.92E-05   1.14E-05   3.73E-05   4.17E-05   6.13E-06   -4.17E-06   -5.33E-05   4.66E-05   -0.00011641   2.10E-05   1.38E-05   -0.00016695   -2.73E-05   8.27E-06   -0.00012759   1.43E-05   -4.15E-06   -0.00019049         
-0.00027881   -7.66E-07   2.54E-05   0.00067438   4.87E-06   -9.50E-06   -0.00012339   5.67E-06   -4.52E-05   1.02E-05   3.38E-05   -2.04E-05   2.30E-05   2.68E-06   6.58E-05   8.13E-05   -1.15E-05   0.00011036   3.84E-05   -3.76E-06   5.64E-05   6.95E-05   6.73E-06   3.39E-05         
-0.0062462   0.0049027   -0.06308   -0.037353   -0.0053632   -0.034841   -0.012881   -0.0032624   -0.013748   -0.0093128   -0.0043674   -0.039638   0.011888   0.0015139   -0.032442   -0.0022991   0.0030527   -0.036373   0.0073663   -0.0033352   -0.024586   -0.0061349   -0.0024705   -0.014038
-0.0038248   -0.0064166   -0.0066849   0.0018155   -0.0057644   -0.010222   -0.0059832   9.85E-06   0.00098805   -0.00073305   -0.0032542   -0.0016683   0.00060777   -0.0031383   -0.0086918   0.0010285   5.99E-05   -0.00040528   -0.00013366   -0.00037231   -0.0033223   -0.001304   -0.0015954   -0.0078531
-0.0036108   -0.0046429   -0.0052309   0.0014634   -0.0041548   -0.0090499   -0.0056562   -0.00047133   0.0013334   -0.0010145   -0.0017404   -0.00108   0.00081345   -0.0024046   -0.005208   0.00069661   7.59E-05   0.0013698   0.00016191   -3.64E-05   -0.0011678   -0.00086931   -0.00084735   -0.0038776
-0.15829   0.017712   -0.0014538   -0.13715   0.017166   0.00041956   -0.11791   0.014456   -0.0028681   -0.10637   0.011951   0.00058335   -0.082348   0.012731   0.00031421   -0.070135   0.0081183   0.00039191   -0.058973   0.0089761   3.80E-06   -0.047782   0.0078101   0.0012163
0.0021616   0.0017265   -0.00049035   6.15E-06   0.00085811   -0.00052085   0.00076002   0.0015567   -0.00059416   0.0006127   0.00047913   -0.00034129   0.00085118   2.67E-05   0.0014693   0.0010388   -0.00018054   0.001781   0.00067753   -0.00021434   0.001185   0.00076818   -0.00038947   0.00057201
0.0032226   -0.0041953   0.033118   0.020443   0.0015976   0.016551   0.0060048   0.0018435   0.0069667   0.0047352   0.0012609   0.019093   -0.005749   -0.0013023   0.013592   0.0011784   -0.0015114   0.015678   -0.0032964   0.0012002   0.0095195   0.0023219   0.00065257   0.0040434
-0.0020858   0.0014273   -0.00091368   -0.00024708   0.00073878   -0.00091229   0.0010112   0.0015296   -0.00084033   0.00080837   0.00035005   -0.00055272   0.00091397   -0.00010504   0.0012953   0.0016787   -0.00024989   0.0018069   0.00077189   -0.00017284   0.00099933   0.00065568   -0.00026877   0.0005169
-0.00020809   1.00E-05   0.0010502   5.33E-06   -3.67E-05   0.00061493   -0.00034801   -0.00018715   0.00026217   -0.00013962   4.37E-05   0.0003766   0.00012204   9.80E-06   -9.39E-05   0.0001071   0.00020574   0.00026379   4.00E-05   0.00014638   0.00010318   -9.55E-05   -1.05E-05   -0.00030229
