0.76613	-6.7416  -41.341  2.3344  -0.48967  -59.204  1.0839  -2.45  -72.502  -1.0003  -0.081757  -55.027  1.0214  -0.79411  -59.007  -0.62121  -0.081296  -22.989  -0.035953  -0.042528  -25.612  -0.40157  -0.065729  -29.494  0.31738  0.1775  -18.384
-0.84859  7.6505  45.069  -2.5524  0.54125  63.003  -1.1279  2.5953  74.863  1.0334  0.084748  54.838  -0.99453  0.77346  57.012  0.58688  0.076773  21.026  0.033175  0.037068  22.246  0.33819  0.055949  24.313  -0.24357  -0.13614  13.779
0.23509  -2.1691  -12.786  0.69766  -0.14925  -17.223  0.29334  -0.68724  -19.735  -0.26675  -0.021913  -13.912  0.24211  -0.18832  -13.9  -0.13846  -0.018099  -4.8893  -0.0075508  -0.0080787  -4.9023  -0.071114  -0.011906  -5.0904  0.046639  0.026133  -2.736
1.1795  -0.069877  -0.086911  1.1452  -0.034305  -0.010756  1.0933  -0.025129  -0.017788  0.73052  -0.021785  0.01688  0.51451  -0.0042758  -0.017359  0.29921  -0.0051415  -0.0073533  0.30792  -5.14E-03  -0.031035  0.40057  -0.0069303  -0.019265  1.3219  -0.089  -0.0046845
0.009898  -0.019025  -0.19557  0.00127  -0.0027219  -0.18306  0.0010953  -0.00065897  0.16937  -0.0009664  0.00014211  0.1875  0.00048359  -0.00048875  0.014481  -0.0038709  -0.00036052  -0.006852  -0.0032467  -0.00022499  -0.0090869  -0.0040564  -0.00029588  0.010922  0.000671  -0.00076741  0.012355
0.067586  0.09367  0.02675  0.043442  -0.011607  0.039593  0.013668  9.14E-06  0.017972  0.0007186  0.0024183  -0.00061727  -0.00068472  0.000871  0.0026664  4.53E-03  0.00061767  0.0013892  0.0037694  0.00019672  0.00053472  0.0018373  0.00021535  0.00012852  0.017886  -0.0038129  0.0011275
-0.0079303  0.0040045  0.075185  -0.0013426  0.0015287  0.21177  -0.0013084  8.92E-04  0.06794  7.50E-04  7.53E-05  -0.014717  -0.00056531  0.00062978  0.0077324  0.0040896  0.00023322  0.012314  0.0032565  0.00016392  0.012448  0.0040606  0.00024677  0.013517  -0.00070078  0.00020172  -0.0083636
-0.028465  -0.07207  -0.0018433  -0.023398  0.0044119  -0.015008  -0.010717  0.00078631  -0.0096157  -0.0021067  -0.00097058  -0.00020126  0.00022148  -0.00046213  -0.0018199  -3.09E-03  -4.28E-04  -0.00097016  -2.52E-03  -1.07E-04  -0.00039915  -0.0011867  -0.00014439  -0.0001043  -0.013971  0.0059031  -0.00044224
0.0014018  0.0012549  0.015598  0.00018076  -0.00019804  -0.024391  0.00029406  -0.00018267  -0.013246  -0.00015359  -2.55E-05  -0.00059397  1.26E-04  -0.00014193  -0.0022171  -0.00092799  -5.32E-05  -0.002819  -0.00074145  -3.82E-05  -0.0028534  -0.00091993  -5.59E-05  -0.003111  0.00014594  -1.62E-05  0.013045
0.0045163  0.011718  -0.0010484  0.0037072  -0.00040188  0.0015826  1.91E-03  -0.00012541  0.00134  4.58E-04  1.49E-04  5.18E-05  -3.09E-05  8.19E-05  0.00033437  5.69E-04  7.93E-05  0.000182  4.62E-04  2.00E-05  7.63E-05  0.00021654  2.94E-05  2.13E-05  0.0010383  -1.10E-03  9.88E-05
0.11561  -0.1719  -0.094658  0.13137  0.015686  -0.20205  0.12557  0.047576  -0.1355  0.10295  2.04E-02  -2.81E-02  8.01E-02  -2.77E-03  -1.01E-01  3.74E-02  6.21E-03  -6.97E-02  0.0013843  -4.85E-03  -3.64E-02  -0.0011408  -2.63E-05  -3.58E-02  0.038875  0.028656  -0.077517
0.04543  0.058543  -0.071018  -0.022673  0.021279  -0.022145  -0.0065132  0.020307  -0.010755  0.0018475  0.012639  0.02128  -0.00032588  0.0059804  0.0028358  -0.00025563  -0.0003317  0.022457  -0.0024354  -0.0018366  0.0046818  -0.0052083  -0.0016501  0.013129  -0.0030147  0.00084328  0.015578
0.040848  0.02499  -0.011295  -0.014803  0.01396  -0.028537  -0.0073382  0.019906  -0.018885  0.0026949  0.010567  0.015133  -0.00086584  5.63E-03  -0.0029687  0.0010609  0.00029011  0.015584  -0.00094482  -0.001089  0.0017872  -0.0031958  -0.00075009  0.009219  -0.0015482  0.0012444  0.019286
-0.6658  0.058441  0.03647  -0.61841  0.022779  -0.0032269  -0.56651  0.011899  0.0090907  -0.36592  0.010176  -0.0071011  -0.24994  0.0018675  0.0086115  -0.13957  0.0024377  0.0034309  -0.13631  0.0022234  0.013804  -0.16881  0.0029577  0.008427  -0.52394  0.032768  0.0010004
-0.011254  0.90586  -0.0078945  -0.011207  0.10042  0.0072921  -0.0067829  0.027576  0.0040296  -0.0055357  0.010396  -0.0018105  -0.0029253  0.00028506  0.0035039  -0.0035639  0.0031457  -0.00012678  -0.0037847  -0.00088881  -0.00023594  -0.0030004  -0.00067425  0.001636  -0.015704  -0.012797  -0.0015132
-0.056136  0.11341  0.011799  -0.07628  -0.0033761  0.11007  -0.066928  -0.022541  0.072794  -0.052297  -0.0084703  0.016253  -0.038781  0.001957  0.050399  -0.017914  -0.0029858  0.035685  -0.0011978  0.0017826  0.017154  -0.00046472  -0.00037464  0.017477  -0.015938  -0.01102  0.029754
-0.06307  1.0727  -0.0043367  -0.020714  0.065211  0.010393  -0.011602  0.0032777  0.0059627  -0.0082753  0.0036777  -0.00050955  -0.0042423  -0.0019766  0.0047367  -0.0047097  0.0031632  0.00040312  -0.0042956  -0.0010328  3.67E-05  -0.0036485  0.00090934  0.0014872  -0.022435  0.012725  -0.0012804
-0.0019071  0.0021937  0.041464  -0.0017634  0.00012607  0.0005368  -0.00013229  0.00067916  -0.0023598  9.05E-05  0.00041764  0.0016213  -0.00031391  0.00038502  0.001175  3.26E-04  -0.00027835  0.00086039  -2.00E-04  -0.00010128  0.00095811  -7.56E-05  -8.54E-05  0.00063057  3.54E-05  -0.00090354  0.010914

