-0.14664   -0.16917   15.172   -1.1173   -0.032556   2.388   -1.2118   0.71874   2.5999   -2.9455   -0.26266   3.9875   -1.2638   0.26031   1.8276   -1.1649   0.041956   3.7322   -1.4639   0.6316   1.7764   -0.93554   -0.16559   3.5518
4.4764   -0.28419   -45.353   5.743   -0.42731   -4.7503   5.7369   -3.0003   -5.3173   10.289   0.45276   -9.5351   5.8234   -1.1595   -3.0186   4.4403   -0.97904   -8.2121   5.5771   -1.8794   -2.8203   3.6507   0.13599   -7.6082
-7.8638   1.0957   52.419   -7.1309   0.67605   5.4515   -7.4561   4.5068   5.3458   -11.398   -0.19726   10.187   -7.586   1.5587   2.5883   -4.2714   2.3354   7.3594   -6.4405   1.7684   1.3009   -3.7466   0.039284   6.4054
6.7157   -1.4249   -21.28   3.4583   -0.43576   -3.6026   4.2452   -3.5244   -2.4763   4.6016   -0.24563   -4.5577   4.4379   -0.94512   -1.1203   0.74434   -2.5455   -1.9015   3.0746   -0.43711   1.1209   1.2308   -0.068824   -1.4571
-3.2511   1.0274   -6.634   -0.0013889   0.11967   1.2408   -0.73587   1.5729   0.055855   0.80143   0.3469   -0.25471   -0.91639   0.23018   0.10816   1.3341   1.5424   -1.4076   -0.13517   -0.34448   -1.671   0.44524   0.001123   -1.1981
0.85289   -0.41817   9.1433   -0.67541   0.0051011   -0.18177   -0.33049   -0.3916   0.39071   -1.365   -0.17104   1.0017   -0.23039   0.024689   0.07058   -1.0014   -0.53274   1.182   -0.45933   0.28192   0.82951   -0.4839   0.025982   0.91412
-0.10071   0.089999   -3.0528   0.25266   -0.009804   -0.0043432   0.17135   0.047823   -0.14055   0.44558   0.038521   -0.34617   0.14206   -0.023382   -0.021458   0.28151   0.09839   -0.3286   0.17316   -0.077764   -0.19102   0.14393   -0.011476   -0.2379
0.0023083   -0.007966   0.35085   -0.030035   0.001503   0.0029316   -0.022364   -0.0018812   0.015841   -0.049389   -0.0033108   0.039035   -0.018915   0.0033056   0.0015656   -0.029263   -0.0075549   0.032971   -0.020197   0.0077842   0.017206   -0.015114   0.0015207   0.022418
-0.55953   0.10791   -0.76212   -0.36871   0.083962   -0.48901   -0.28961   0.06964   -0.42589   -0.26078   0.0384   -0.42258   -0.2554   0.051008   -0.34981   -0.21761   0.04187   -0.32934   -0.18651   0.036183   -0.22379   -0.17281   0.035912   -0.24334
0.092429   0.19671   -0.05874   0.058382   0.043492   0.12472   -0.029496   0.089358   0.00061967   0.11261   0.054894   0.15518   0.033499   0.12715   -0.025717   0.0013935   0.10931   0.065538   0.03289   0.0076938   0.12183   0.05408   0.1142   0.02843
-0.0045172   -0.0087853   -0.050972   -0.024473   0.015742   0.029982   -0.04883   0.0035861   -0.050465   -0.016478   0.0092342   -0.0054217   -0.014211   0.012771   -0.0091534   -0.029513   0.011154   -0.015958   -0.0214   -0.0006804   -0.00063477   0.0017969   0.0045283   -0.024065
-0.0023058   0.025555   -0.019986   0.0049409   0.024171   -0.0019214   0.009315   0.036915   0.0026604   0.0052458   0.02936   0.006208   0.0048408   0.023413   0.0047041   0.0072642   0.025694   -0.0058001   0.0043472   0.020626   0.0020664   0.0019244   0.017992   0.0058231
0.23196   -0.063815   0.40416   0.13813   -0.035564   0.24339   0.11079   -0.035533   0.22001   0.089469   -0.020206   0.206   0.090744   -0.02819   0.17509   0.077434   -0.025068   0.15899   0.062498   -0.013778   0.094072   0.060398   -0.021862   0.11648
-0.049817   -0.084899   0.0096699   -0.027443   -0.0093386   -0.046253   0.0093605   -0.036804   -0.010209   -0.051238   -0.023461   -0.061232   -0.022485   -0.045916   0.014258   -0.0072347   -0.044796   -0.012374   -0.013335   -0.0059718   -0.048531   -0.020617   -0.040709   -0.014193
0.017398   -0.012296   0.041593   -0.0059048   -0.0087741   -0.011494   -0.0079871   0.0080842   0.0053765   0.0048747   0.014564   -0.015954   0.016292   -0.0017508   -0.0092533   0.0068187   0.015477   -0.039941   -0.0058718   0.011994   0.0056381   0.0042497   0.0038714   -0.0017964
-0.0060373   0.0052137   -0.012388   0.0032818   0.002123   0.00058747   0.00603   -0.00058422   0.0022213   -0.00065236   -0.0031   0.0053217   -0.0027497   0.00011217   0.0026517   0.00077812   -0.0035135   0.010088   0.0034084   -0.001421   -0.00080976   -0.0013191   -0.00021029   0.0030532
-0.00069678   0.020842   0.012212   0.013512   0.0084412   -0.013918   0.027001   0.021802   0.023699   0.0094441   0.014288   0.0064265   0.0089965   0.0090313   0.0066793   0.016959   0.011148   0.0032505   0.012089   0.013282   0.0024302   0.00017592   0.0094804   0.013848
