530.54   -58.881   108.19   -138.74   -4.1649   179.52   -199.16   -21.747   210.35   -298.59   -39.932   191.32   -262.45   -37.78   67.857   -127.89   -20.461   192.99   -257.83   -8.901   151.96   -203.11   10.274   93.667   -305.56   -21.165   -41.042
-1632.8   170.74   -414.86   432.58   22.926   -541.33   545.86   84.064   -612.12   879.81   135.69   -495.84   776.26   119.59   -141.11   312.95   68.599   -499.8   689.17   25.018   -395.71   503.97   -24.966   -215.38   770.91   56.946   141.68
1900.8   -171.44   487.6   -513.39   -35.785   632.12   -479.45   -121.3   666.8   -947.42   -171.4   396.37   -879.4   -135.21   50.544   -242.86   -82.71   478.67   -651.16   -20.449   377.99   -426.27   25.045   159.74   -692.79   -52.95   -167.95
-930.95   39.74   -202.38   272.4   21.995   -352.4   30.929   84.65   -317.81   389.34   95.817   -5.1673   449.33   58.158   58.316   3.0264   41.591   -173.47   172.43   -2.956   -135.56   70.66   -12.244   -7.1675   187.54   12.017   68.593
51.101   48.344   -40.989   -35.386   -2.406   84.923   211   -28.16   38.997   48.706   -14.261   -165.69   -62.149   6.7912   -44.229   100.76   -2.3345   -16.533   124.15   13.991   -14.512   109.4   2.3572   -49.284   97.735   12.169   19.285
130.79   -39.802   67.749   -26.576   -3.3401   -0.037228   -143.06   2.4185   20.364   -99.472   -8.93   97.804   -35.091   -15.32   2.8071   -60.398   -6.1687   29.586   -107.17   -8.5807   24.303   -75.928   0.28559   25.873   -84.001   -9.585   -27.547
-49.085   11.635   -22.698   11.715   1.4851   -3.3015   38.895   0.87899   -7.3134   32.431   4.197   -23.165   15.405   5.1582   4.4865   14.8   2.3643   -7.3659   30.506   2.2382   -6.1504   19.632   -0.19789   -5.0797   22.393   2.6373   9.1964
5.6183   -1.2441   2.5867   -1.4247   -0.18987   0.35945   -3.9593   -0.17151   0.64398   -3.5476   -0.52691   2.007   -1.8088   -0.57899   -0.94925   -1.3607   -0.27511   0.53816   -3.141   -0.22083   0.47118   -1.8762   0.024452   0.32155   -2.1318   -0.26406   -1.0563
-4.9867   0.85667   15.241   0.7334   -0.37928   0.53989   0.19649   -0.7169   1.8827   -0.19678   -0.74496   2.414   0.74621   -0.66975   4.4081   1.4786   -0.51521   -1.7256   1.819   -0.13667   -0.41234   1.465   -0.30827   -0.70044   1.544   0.00093314   -0.67176
-1.3881   -0.73271   -1.1218   -0.54496   3.8678   -0.74831   -3.0771   1.5827   2.18   -0.78811   1.7942   -6.9243   -2.4105   3.0836   6.7328   -1.6059   2.1712   2.8166   -0.047577   1.9346   0.63164   -1.2374   1.8824   0.10736   -0.65131   2.2106   -0.61746
-0.93878   -1.4362   1.2636   -0.77774   -0.66372   -0.63293   0.73569   -0.84963   -0.16971   0.97706   -0.43166   0.022883   0.38506   -0.79775   -0.29092   1.0372   -0.40178   0.081991   -0.72623   -0.43072   -0.12493   -0.16152   -0.19209   -0.14619   -0.20836   -0.37165   0.18724
-0.17113   -1.126   -0.064249   -0.066253   -0.093197   0.26564   0.34883   -0.023717   0.22694   -0.32648   -0.082291   -0.48286   -0.49704   -0.31076   0.24147   0.1542   -0.36433   0.035591   0.20733   -0.23238   0.0021558   0.29838   -0.16888   0.12762   0.19764   -0.25262   -0.0031255
2.3196   -0.41001   -7.7435   -0.84144   0.21711   0.079587   -0.4907   0.46626   -1.1361   -0.50655   0.44759   -0.52214   -1.0442   0.27985   -2.6676   -1.2118   0.25821   0.8436   -1.2178   0.07914   0.16042   -0.92565   0.17359   0.35922   -0.85675   -0.0086674   0.38917
-0.32111   0.20527   0.50845   -0.18604   -0.12072   1.1494   1.5031   0.42722   -0.76208   0.13408   0.38338   2.9177   0.44665   -0.26294   -2.4932   0.19974   -0.079463   -0.60777   -0.0036215   0.0033843   0.14835   0.25199   0.0013809   0.10729   -0.037231   -0.081411   0.14424
2.5723   1.1281   0.57306   1.0741   -2.9467   -2.0111   0.15343   -1.9365   -0.61157   1.1084   -1.9651   0.31107   1.8575   -1.9041   -0.97853   1.8719   -1.2685   -1.3082   -0.065737   -1.2306   -1.0232   0.68552   -1.0787   -0.42633   0.88623   -1.2776   0.3158
-0.75899   -0.45872   -0.26783   -0.30269   0.65686   0.57891   -0.14306   0.41484   0.18158   -0.47653   0.39905   -0.1551   -0.62953   0.4007   0.27991   -0.64574   0.212   0.30325   0.071876   0.21913   0.2426   -0.17209   0.16714   0.1208   -0.2407   0.23044   -0.095087
0.18335   0.27054   -0.65423   0.16781   0.33915   0.44948   -0.37438   0.38513   0.16966   -0.85478   0.16862   -0.34037   -0.62203   0.20484   0.24703   -0.56586   -0.00011516   -0.056271   0.38477   0.10365   0.033856   0.15357   0.035251   0.13894   0.10267   0.07416   -0.076639
