0.0196682	0	0.983412	0.00061007	0.0401886	0.000745489
0.0197776	1	0.988879	0.000399144	0.031633	0.000518507
0.0197631	2	0.988156	0.000469888	0.0304098	0.000579856
0.0197484	3	0.987422	0.000488367	0.0328818	0.000618381
0.0197186	4	0.98593	0.000389258	0.0328888	0.000478697
0.0196552	5	0.982762	0.000397453	0.0324721	0.000499504
0.0196139	6	0.980694	0.000530386	0.0402098	0.000507001
0.019612	7	0.9806	0.000493255	0.0401096	0.000458824
0.0196927	8	0.984634	0.000431105	0.0371088	0.000428524
0.0196754	9	0.983769	0.000413608	0.0381292	0.000387561
0.0196843	10	0.984216	0.000409607	0.03611	0.000394112
0.0196785	11	0.983927	0.000407016	0.0376068	0.000383984
0.019707	12	0.985348	0.000372689	0.0356722	0.000355937
0.0196924	13	0.984621	0.000363321	0.0357248	0.000337683
0.0197108	14	0.985542	0.00033561	0.0352467	0.000311086
0.0197361	15	0.986804	0.000344854	0.036348	0.000328208
0.0197277	16	0.986387	0.00033424	0.0359976	0.000315323
0.0197386	17	0.986931	0.00030983	0.0353089	0.00028433
0.0197302	18	0.986512	0.000306299	0.0354669	0.000282979
0.019739	19	0.986951	0.000288647	0.0348767	0.000266138
0.0197493	20	0.987463	0.000287633	0.0353721	0.000267383
0.0197436	21	0.987179	0.000283757	0.0365257	0.000258981
0.0197563	22	0.987813	0.000272352	0.0367858	0.000244951
0.01975	23	0.987499	0.000273902	0.0371341	0.000247054
0.0197583	24	0.987916	0.000277608	0.0369026	0.000255766
0.0197567	25	0.987833	0.000296788	0.0344359	0.000270197
0.0197307	26	0.986537	0.000326625	0.0352112	0.000299767
0.0197425	27	0.987123	0.000330722	0.0357398	0.000308442
0.0294435	0	0.981451	0.000556282	0.0340661	0.000702912
0.0296519	1	0.988398	0.000374718	0.0286836	0.000494922
0.0296117	2	0.987057	0.000469379	0.0253748	0.000635792
0.0296008	3	0.986692	0.000381974	0.0256292	0.000460978
0.0295888	4	0.986294	0.00033512	0.0267427	0.000401236
0.029461	5	0.982034	0.000328568	0.0321707	0.000402931
0.0294192	6	0.980639	0.000460269	0.0348034	0.000457044
0.0294791	7	0.982638	0.000388481	0.0331884	0.000380189
0.0295349	8	0.984495	0.000338773	0.0309547	0.000323424
0.0294957	9	0.98319	0.000333769	0.0322416	0.000322837
0.0295377	10	0.984591	0.000337554	0.0324577	0.000332563
0.0295697	11	0.985658	0.000311423	0.03152	0.000310275
0.0295297	12	0.984322	0.000308638	0.0323554	0.000291796
0.0295686	13	0.985621	0.000294111	0.0306255	0.000280618
0.0295915	14	0.986384	0.000286618	0.0308281	0.000277393
0.0295786	15	0.985955	0.000286247	0.0320276	0.000268503
0.0295827	16	0.98609	0.000265673	0.0305317	0.000247692
0.0295889	17	0.986295	0.000252225	0.0307545	0.00023497
0.0296365	18	0.987884	0.000235319	0.03011	0.000218669
0.0296149	19	0.987163	0.000241767	0.0303507	0.000221746
0.0296358	20	0.987861	0.000224115	0.029965	0.000207381
0.0296481	21	0.98827	0.000228161	0.0308657	0.000215804
0.0296393	22	0.987976	0.000233417	0.0312351	0.000221674
0.0296426	23	0.988087	0.000222523	0.0316331	0.000203491
0.0296509	24	0.988362	0.000213968	0.0301125	0.000197533
0.0296304	25	0.987682	0.000248734	0.0301862	0.000229678
0.0296223	26	0.987412	0.000263316	0.0301627	0.000242149
0.029617	27	0.987234	0.000270441	0.031474	0.000249036
0.0390854	0	0.977134	0.000525553	0.0345747	0.000621056
0.0394739	1	0.986848	0.0003268	0.0246336	0.000384584
0.0395116	2	0.987789	0.000341159	0.0249413	0.00041187
0.0395488	3	0.98872	0.000338779	0.0229741	0.000464228
0.0394186	4	0.985466	0.000333963	0.0243831	0.000427668
0.0392535	5	0.981338	0.000299905	0.0310092	0.000394664
0.0390369	6	0.975922	0.000436087	0.0358533	0.000425237
0.0392515	7	0.981287	0.000348449	0.0302403	0.000348459
0.0393122	8	0.982806	0.00030427	0.0303071	0.000306376
0.0393077	9	0.982694	0.000286874	0.0306658	0.000269444
0.0393037	10	0.982591	0.000292571	0.0304752	0.000276104
0.0393281	11	0.983203	0.000288531	0.0303948	0.000271302
0.0394064	12	0.98516	0.000264992	0.0304369	0.000256917
0.0393624	13	0.98406	0.000252776	0.0285613	0.000234077
0.0394207	14	0.985517	0.000248773	0.0290594	0.000237114
0.0394908	15	0.987269	0.000231804	0.0287943	0.000223412
0.0394623	16	0.986558	0.000223343	0.0278316	0.000211416
0.039461	17	0.986524	0.000222372	0.0287264	0.000210776
0.0395115	18	0.987788	0.000212733	0.0282672	0.000200937
0.0394892	19	0.987229	0.000206107	0.0281926	0.000194646
0.0394935	20	0.987337	0.000197902	0.0283597	0.000187046
0.0394923	21	0.987308	0.000193131	0.0274965	0.000182895
0.0395055	22	0.987638	0.000192658	0.0273138	0.000182082
0.0395116	23	0.987791	0.000193268	0.027611	0.000182989
0.0395093	24	0.987733	0.000186414	0.0272649	0.000175333
0.0394963	25	0.987407	0.000222791	0.0284377	0.000210363
0.039501	26	0.987526	0.000232701	0.0285254	0.000220273
0.0394574	27	0.986434	0.000236975	0.0289956	0.000223706
0.0486985	0	0.97397	0.000510069	0.0351686	0.000622763
0.0494241	1	0.988482	0.000300143	0.0252051	0.000428336
0.0493991	2	0.987981	0.000294461	0.0228	0.000335445
0.049351	3	0.987021	0.000333177	0.0226424	0.000410802
0.0492684	4	0.985368	0.000279549	0.023418	0.000342968
0.0489381	5	0.978761	0.000257799	0.0345341	0.000307327
0.0486583	6	0.973167	0.00044606	0.0400449	0.00044687
0.0489466	7	0.978932	0.000325682	0.0332121	0.000329204
0.049003	8	0.980059	0.000294172	0.0320491	0.000277775
0.0490922	9	0.981844	0.000271869	0.0289636	0.000260837
0.0491378	10	0.982756	0.000254168	0.0297633	0.000239686
0.0491655	11	0.98331	0.000250696	0.0291232	0.000248629
0.0491817	12	0.983634	0.000249271	0.0297977	0.000252219
0.0492353	13	0.984707	0.000222185	0.0270996	0.000213226
0.0492541	14	0.985082	0.000217951	0.0274369	0.00021523
0.0492326	15	0.984652	0.00021016	0.0282293	0.000195559
0.0492682	16	0.985364	0.000213783	0.0263704	0.000206391
0.049335	17	0.986699	0.000198419	0.0262386	0.000194812
0.049288	18	0.98576	0.000189316	0.0269467	0.000174403
0.0493265	19	0.986531	0.000180673	0.0265688	0.000167241
0.0493718	20	0.987435	0.000177366	0.0257795	0.000174444
0.0493194	21	0.986387	0.000175423	0.0265228	0.000160763
0.0493362	22	0.986724	0.000170597	0.0254797	0.000156053
0.0493902	23	0.987804	0.0001655	0.0265056	0.000153893
0.0493448	24	0.986896	0.000165779	0.0265723	0.000153355
0.0493177	25	0.986354	0.00018791	0.0253458	0.000170943
0.049364	26	0.987279	0.000209428	0.0258108	0.000202079
0.0493496	27	0.986993	0.000203606	0.026206	0.000199876
0.0582718	0	0.971197	0.000500024	0.0344493	0.000577348
0.0591216	1	0.98536	0.000268303	0.0236218	0.000331125
0.0591719	2	0.986198	0.000282104	0.0223381	0.00034107
0.059118	3	0.9853	0.000289766	0.0222503	0.000341127
0.0590767	4	0.984611	0.000235933	0.0232804	0.000278527
0.058518	5	0.9753	0.000261428	0.0312539	0.000298341
0.0582368	6	0.970613	0.000412057	0.039542	0.000421012
0.058654	7	0.977567	0.000296452	0.0308159	0.000285404
0.0587945	8	0.979908	0.000281002	0.028766	0.000285311
0.0587282	9	0.978803	0.000253886	0.0288984	0.000236761
0.0587918	10	0.979864	0.000241431	0.0289138	0.000228566
0.0588428	11	0.980713	0.000235027	0.0285224	0.000222526
0.0589482	12	0.982471	0.00022716	0.0272781	0.000235636
0.0589513	13	0.982521	0.000214851	0.0274704	0.000205744
0.0589832	14	0.983053	0.000209759	0.0262889	0.000198104
0.0590252	15	0.983753	0.000195386	0.0272001	0.00018768
0.0590316	16	0.983859	0.000194001	0.0259188	0.000183373
0.0590933	17	0.984888	0.000183306	0.025802	0.000174788
0.0590544	18	0.98424	0.000174415	0.0254233	0.000163207
0.0591357	19	0.985595	0.000167509	0.0255112	0.000159774
0.0591623	20	0.986039	0.000161354	0.0254513	0.000154231
0.0592189	21	0.986982	0.000160648	0.0255727	0.000156457
0.0591877	22	0.986462	0.000159413	0.0246894	0.000153303
0.0592015	23	0.986692	0.000150744	0.0249995	0.000135887
0.0592065	24	0.986775	0.000155643	0.0253037	0.000148819
0.0591898	25	0.986497	0.000178733	0.0259347	0.000176402
0.0591847	26	0.986412	0.000181098	0.0239542	0.000170201
0.0591458	27	0.985763	0.00018776	0.0254743	0.000180253
0.0680336	0	0.971909	0.000458732	0.0324977	0.00056047
0.0688811	1	0.984016	0.000233628	0.0222591	0.000262702
0.0689985	2	0.985693	0.000288779	0.0194716	0.000374898
0.069033	3	0.986185	0.000286822	0.0234718	0.000430707
0.0687543	4	0.982205	0.000259495	0.0227941	0.000324736
0.0680594	5	0.972277	0.000255779	0.0327489	0.000282586
0.0676062	6	0.965802	0.000421012	0.039988	0.000411235
0.0682935	7	0.975621	0.000302278	0.030459	0.000297671
0.0684081	8	0.977259	0.000247925	0.0299192	0.000247324
0.0684244	9	0.977491	0.00023426	0.0292911	0.00023141
0.0684643	10	0.978061	0.000231216	0.029841	0.00021886
0.0685345	11	0.979064	0.000228631	0.0277989	0.000224464
0.0686786	12	0.981122	0.000203026	0.0271295	0.000205226
0.0686832	13	0.981189	0.000206922	0.0268511	0.000206619
0.0687692	14	0.982418	0.000191925	0.0264863	0.000194083
0.0687876	15	0.982681	0.000180536	0.0264888	0.000168809
0.0688542	16	0.983631	0.000176009	0.0251865	0.000177087
0.068879	17	0.983985	0.000171606	0.0247191	0.000171689
0.0689189	18	0.984555	0.000162387	0.0251162	0.000165902
0.0689195	19	0.984564	0.000156238	0.0244394	0.000155391
0.0689304	20	0.98472	0.000150239	0.0240077	0.000147794
0.0689316	21	0.984738	0.000150741	0.025093	0.000141449
0.0689386	22	0.984837	0.000143555	0.0246198	0.000132857
0.0689708	23	0.985296	0.000143997	0.0243526	0.000134923
0.06895	24	0.985	0.000139791	0.02445	0.000129438
0.0689167	25	0.984524	0.000165065	0.0250093	0.000152856
0.068886	26	0.984086	0.000172193	0.0237112	0.000157394
0.0688908	27	0.984154	0.000167911	0.025049	0.000156954
0.0773372	0	0.966715	0.000444513	0.0367979	0.000522126
0.0786032	1	0.982541	0.000271078	0.0235256	0.000351107
0.0787471	2	0.984339	0.000241527	0.0220656	0.00027194
0.0787331	3	0.984164	0.000255823	0.0223362	0.000342719
0.0786131	4	0.982664	0.000195727	0.0231223	0.000250141
0.0776252	5	0.970315	0.000234141	0.0350104	0.000258416
0.0769269	6	0.961586	0.000419403	0.0440052	0.000425104
0.077768	7	0.9721	0.000285854	0.0299452	0.000266945
0.0780143	8	0.975178	0.000237495	0.029623	0.000232275
0.0780839	9	0.976049	0.000228532	0.0281479	0.00022107
0.0781651	10	0.977064	0.000226109	0.0289698	0.000220109
0.0782466	11	0.978083	0.000208241	0.0278054	0.000202146
0.0783164	12	0.978955	0.000200352	0.0270514	0.000192602
0.0783623	13	0.979529	0.000191769	0.0273359	0.00018617
0.07841	14	0.980125	0.000182911	0.0262057	0.000176747
0.0785414	15	0.981768	0.000170881	0.0257355	0.000167682
0.0785595	16	0.981994	0.000167227	0.0258661	0.000166297
0.0785757	17	0.982196	0.000158581	0.0242865	0.000152345
0.0786433	18	0.983041	0.000152827	0.0245753	0.000150184
0.0786099	19	0.982624	0.000152885	0.0245598	0.000148429
0.078702	20	0.983775	0.000142783	0.0240701	0.00013999
0.0787193	21	0.983991	0.000144559	0.0243884	0.000142196
0.0787472	22	0.98434	0.000134671	0.0241046	0.000132162
0.0787894	23	0.984868	0.00013389	0.0234368	0.000133413
0.0787478	24	0.984348	0.000135759	0.0230458	0.00013242
0.078708	25	0.98385	0.00016104	0.0245334	0.000158508
0.0786854	26	0.983567	0.000167301	0.0244125	0.000164657
0.0786822	27	0.983528	0.000163093	0.0245081	0.000161108
0.0870105	0	0.966784	0.000428014	0.0381679	0.000522271
0.0883272	1	0.981413	0.000242229	0.0241987	0.000311576
0.0885446	2	0.983829	0.000246811	0.0216016	0.000316685
0.0883619	3	0.981798	0.000223738	0.0230634	0.000240671
0.0882795	4	0.980884	0.000223892	0.0260692	0.00029952
0.0873118	5	0.970131	0.000234879	0.0366365	0.000294862
0.0864617	6	0.960685	0.000402819	0.0435902	0.00041541
0.0876177	7	0.973529	0.000272076	0.0301418	0.000274941
0.0876939	8	0.974377	0.000235632	0.029754	0.000242441
0.087661	9	0.974011	0.000226423	0.0289022	0.000212527
0.0878547	10	0.976164	0.000226745	0.0275634	0.000231894
0.0879646	11	0.977385	0.000201457	0.0289174	0.000198532
0.0880195	12	0.977994	0.000190115	0.0272368	0.000181217
0.0880819	13	0.978688	0.000185335	0.025558	0.000173895
0.0881331	14	0.979256	0.000174361	0.0254002	0.000164067
0.088192	15	0.979911	0.000169973	0.0257742	0.000162683
0.0882641	16	0.980713	0.000159505	0.0244523	0.00015102
0.0883207	17	0.981341	0.000155079	0.0251648	0.000148034
0.0883092	18	0.981214	0.000150003	0.0245933	0.000143844
0.0883729	19	0.981922	0.000143017	0.0244183	0.000138331
0.0884065	20	0.982295	0.000136262	0.0238096	0.000129541
0.088403	21	0.982255	0.00013387	0.0234875	0.000125444
0.0885006	22	0.983341	0.000128521	0.023708	0.000123922
0.0884921	23	0.983245	0.000127233	0.023039	0.000122205
0.0884859	24	0.983177	0.000123898	0.0232906	0.000116501
0.0884653	25	0.982947	0.000143919	0.023013	0.000137842
0.0884743	26	0.983047	0.000151495	0.0227596	0.000142994
0.0883656	27	0.98184	0.000157075	0.0236365	0.000147583
0.0964908	0	0.964908	0.000464267	0.0361585	0.000577262
0.0981778	1	0.981778	0.000230789	0.0231446	0.000288588
0.0983905	2	0.983905	0.000236718	0.0214235	0.000301276
0.0982516	3	0.982516	0.000244005	0.0218592	0.000302653
0.0980674	4	0.980674	0.000202577	0.0245188	0.000253
0.09678	5	0.9678	0.000247521	0.0349706	0.000286027
0.0956769	6	0.956769	0.000430845	0.0447498	0.000423411
0.0971811	7	0.971811	0.000265011	0.0321887	0.000275218
0.0974401	8	0.974401	0.000222377	0.0293886	0.000226874
0.0973606	9	0.973606	0.000211183	0.0284977	0.000198167
0.0975722	10	0.975722	0.000214276	0.0288081	0.000221317
0.0975768	11	0.975768	0.000197213	0.0286365	0.000189257
0.0976502	12	0.976502	0.000192639	0.0281258	0.000187032
0.0977373	13	0.977373	0.00017912	0.0274307	0.000172686
0.097888	14	0.97888	0.000165637	0.0255745	0.000156344
0.0978995	15	0.978995	0.000164081	0.0254018	0.000153814
0.0979767	16	0.979767	0.000154658	0.0252738	0.000146337
0.0980365	17	0.980365	0.000149258	0.0251796	0.000140999
0.0981376	18	0.981376	0.00013814	0.0239874	0.000130313
0.098171	19	0.98171	0.000135415	0.0240293	0.000128725
0.0981855	20	0.981855	0.000128685	0.0236297	0.000121979
0.0981472	21	0.981472	0.000128655	0.0232438	0.0001187
0.0982228	22	0.982228	0.000125935	0.0235125	0.000118276
0.0982415	23	0.982415	0.000124006	0.0229363	0.000116946
0.0982635	24	0.982635	0.000119522	0.0226204	0.000112323
0.0981692	25	0.981692	0.000139456	0.0234316	0.000129479
0.0982337	26	0.982337	0.000146903	0.023993	0.00014159
0.0981395	27	0.981395	0.000149062	0.0233264	0.000136456
0.143918	0	0.959455	0.000356654	0.0384922	0.000410635
0.146564	1	0.977096	0.000189932	0.023848	0.000207735
0.147116	2	0.980776	0.000189599	0.0231717	0.000225638
0.146795	3	0.978632	0.000202422	0.0234713	0.000227299
0.14645	4	0.976335	0.000197766	0.0249435	0.000255244
0.14418	5	0.9612	0.000241584	0.0367257	0.00027844
0.141999	6	0.946661	0.000423321	0.0525555	0.000437498
0.144888	7	0.965917	0.000255756	0.0312178	0.000241168
0.145335	8	0.968902	0.000212188	0.0305086	0.000202565
0.145455	9	0.969702	0.000194476	0.0278861	0.000178864
0.1457	10	0.971331	0.000190524	0.0268833	0.000175602
0.145954	11	0.973028	0.00018599	0.0265862	0.000186542
0.146174	12	0.974491	0.000174189	0.0261179	0.000181448
0.146028	13	0.973517	0.000166025	0.0255179	0.000153473
0.146346	14	0.975639	0.000150089	0.0242657	0.00013993
0.146522	15	0.976817	0.000142266	0.024099	0.000135781
0.146509	16	0.976725	0.000135805	0.023494	0.000125509
0.146733	17	0.978221	0.000126732	0.0237072	0.000121021
0.146776	18	0.978505	0.000123924	0.0236205	0.000118989
0.146746	19	0.978304	0.000121589	0.0226403	0.000114421
0.146832	20	0.978879	0.000118338	0.0224785	0.000111193
0.146957	21	0.979714	0.000111298	0.0220808	0.000105225
0.146932	22	0.979544	0.000110106	0.0217254	0.000104054
0.146897	23	0.979315	0.000111099	0.0215784	0.000104314
0.146972	24	0.979816	0.000105884	0.0221491	0.000100384
0.146896	25	0.979305	0.000119429	0.0220419	0.000111287
0.146862	26	0.97908	0.000130261	0.0219338	0.000121579
0.146851	27	0.979007	0.000132397	0.0222247	0.000123675
0.190791	0	0.953957	0.000452263	0.034111	0.000527975
0.194844	1	0.974219	0.000192495	0.0252933	0.000232303
0.195417	2	0.977086	0.000219317	0.0243367	0.000283603
0.195568	3	0.977841	0.000194658	0.0255812	0.000269992
0.194456	4	0.972281	0.000259952	0.0246219	0.000344897
0.191158	5	0.955792	0.000255841	0.0398221	0.000308149
0.187642	6	0.938208	0.000431159	0.0558109	0.000443276
0.192471	7	0.962353	0.000241262	0.0318308	0.000233046
0.193159	8	0.965795	0.000198051	0.0303829	0.000197089
0.193485	9	0.967425	0.00018652	0.028405	0.000176875
0.1937	10	0.9685	0.000182623	0.0272195	0.000172992
0.193944	11	0.96972	0.000172705	0.0262011	0.000162962
0.194251	12	0.971253	0.000159475	0.0245166	0.000148488
0.194425	13	0.972125	0.000150745	0.0250223	0.000142111
0.194731	14	0.973656	0.000142317	0.0245763	0.000139123
0.194864	15	0.974319	0.00013388	0.0238431	0.000129386
0.195001	16	0.975005	0.000129688	0.0226343	0.000123255
0.195078	17	0.975388	0.00012747	0.0225788	0.000121607
0.195318	18	0.976591	0.000115392	0.0223216	0.000112417
0.195427	19	0.977137	0.000115723	0.0222256	0.000115991
0.195491	20	0.977455	0.000111125	0.0223013	0.000112429
0.195508	21	0.977539	0.000108611	0.0218081	0.000107497
0.195636	22	0.978182	0.000102201	0.0214869	0.000100777
0.19564	23	0.978199	0.000103589	0.0216364	0.000103214
0.195579	24	0.977897	0.000101649	0.021605	0.000101214
0.195584	25	0.977918	0.00011407	0.0216669	0.00011376
0.195654	26	0.978269	0.000121058	0.0216997	0.000121897
0.19546	27	0.9773	0.000125389	0.0215644	0.000122974
0.238285	0	0.953141	0.00048413	0.0338918	0.000618083
0.242814	1	0.971257	0.000230874	0.0251985	0.000302554
0.24374	2	0.974959	0.000193728	0.0230991	0.000223878
0.243239	3	0.972955	0.000280264	0.0220303	0.000355921
0.242421	4	0.969686	0.000215793	0.0272357	0.000279916
0.238104	5	0.952417	0.000275086	0.0388852	0.000338512
0.233187	6	0.932749	0.000428564	0.0617611	0.000478898
0.239453	7	0.957812	0.000241524	0.0329877	0.000231533
0.240758	8	0.963031	0.000190091	0.0289618	0.000184104
0.241283	9	0.965133	0.000175161	0.02747	0.000168674
0.241779	10	0.967116	0.000173823	0.0264557	0.0001716
0.242114	11	0.968456	0.000169028	0.025525	0.000168354
0.242306	12	0.969224	0.00015947	0.0248532	0.000157163
0.24255	13	0.970201	0.000150902	0.0239098	0.000145435
0.242776	14	0.971106	0.000135303	0.0239934	0.000125746
0.243124	15	0.972497	0.000139366	0.0229738	0.000139543
0.243219	16	0.972876	0.000119552	0.0225025	0.000110141
0.243559	17	0.974235	0.000122943	0.0217098	0.000124844
0.243531	18	0.974124	0.000112049	0.0222323	0.000104251
0.243681	19	0.974723	0.000106053	0.0219222	9.94454e-05
0.243734	20	0.974936	0.000103647	0.0215734	9.49591e-05
0.243833	21	0.975334	0.000101315	0.0213844	9.49412e-05
0.243911	22	0.975645	9.75851e-05	0.0212572	9.20526e-05
0.243887	23	0.975546	9.74321e-05	0.0210853	9.01284e-05
0.243997	24	0.975989	9.44511e-05	0.0208815	8.82695e-05
0.24365	25	0.974601	0.000114582	0.0210513	0.000103993
0.243774	26	0.975094	0.000118115	0.0215914	0.000108523
0.243847	27	0.975386	0.000128924	0.0213956	0.000132361
0.284807	0	0.949358	0.000389664	0.0357134	0.000463303
0.290716	1	0.969054	0.000195331	0.0260232	0.000239441
0.291653	2	0.972178	0.000230442	0.0228728	0.000284608
0.29153	3	0.971768	0.000232582	0.0250419	0.00030682
0.290408	4	0.968027	0.000190346	0.0267828	0.000231716
0.284251	5	0.947504	0.000245719	0.0417796	0.000286156
0.277928	6	0.926426	0.000419858	0.0662109	0.000475364
0.286653	7	0.955509	0.000233588	0.0359274	0.000243803
0.287952	8	0.95984	0.000190318	0.02878	0.000174496
0.288853	9	0.962843	0.000170179	0.0271035	0.000157496
0.28937	10	0.964567	0.000165264	0.026237	0.000153426
0.289859	11	0.966198	0.000177145	0.0244307	0.000180466
0.290003	12	0.966678	0.000154388	0.0242478	0.00014333
0.290551	13	0.968504	0.000144079	0.024087	0.000136858
0.290872	14	0.969574	0.00013398	0.0233982	0.000126187
0.29114	15	0.970466	0.000126288	0.0228294	0.000121393
0.291329	16	0.971097	0.000121338	0.0230705	0.000119232
0.291669	17	0.97223	0.000115676	0.0225839	0.000114133
0.291743	18	0.972478	0.000117566	0.0220481	0.00011666
0.291914	19	0.973046	0.000111385	0.0215008	0.000109168
0.292129	20	0.973765	0.000105522	0.0213102	0.000104634
0.292126	21	0.973754	0.000103769	0.0213946	0.000103567
0.292201	22	0.974002	0.000103136	0.0212	0.000101491
0.292356	23	0.974521	9.96536e-05	0.0211949	0.000100022
0.292266	24	0.974221	9.72857e-05	0.021366	9.75381e-05
0.292245	25	0.974151	0.000109716	0.0209048	0.000108462
0.292046	26	0.973487	0.000112446	0.0210636	0.000102197
0.292025	27	0.973416	0.000119801	0.0211919	0.000117354
0.33128	0	0.946516	0.000426616	0.0349192	0.000528103
0.338398	1	0.966852	0.000183158	0.0264444	0.000212532
0.339645	2	0.970415	0.000210004	0.0241216	0.000254943
0.339669	3	0.970484	0.00018832	0.0257321	0.000238515
0.337808	4	0.965166	0.000232756	0.0265187	0.000300095
0.331163	5	0.946179	0.0002608	0.0411626	0.000324805
0.322608	6	0.921738	0.000424419	0.0645389	0.000463441
0.333262	7	0.952177	0.00023126	0.03518	0.000225758
0.335663	8	0.959036	0.000183635	0.0288561	0.000179393
0.336589	9	0.961684	0.000170989	0.0269436	0.00016791
0.337081	10	0.96309	0.000171229	0.0248821	0.000164746
0.337522	11	0.964348	0.000164565	0.0249576	0.000162595
0.337931	12	0.965516	0.000162207	0.0240781	0.000156411
0.338502	13	0.967149	0.000145681	0.0231075	0.000143929
0.338754	14	0.96787	0.000127204	0.0227538	0.000117196
0.339157	15	0.969021	0.000120251	0.0224635	0.00011167
0.339332	16	0.96952	0.000116883	0.022426	0.000109421
0.339599	17	0.970282	0.000113813	0.0217545	0.000107068
0.339888	18	0.971108	0.000105282	0.021579	9.99359e-05
0.340115	19	0.971757	0.000104045	0.0213305	9.94633e-05
0.340113	20	0.971752	0.000102669	0.021056	9.66938e-05
0.340267	21	0.972191	9.75565e-05	0.0212297	9.34655e-05
0.340483	22	0.972807	9.44249e-05	0.0208866	9.05669e-05
0.340546	23	0.972989	9.30544e-05	0.0211847	9.03973e-05
0.340388	24	0.972538	9.22219e-05	0.0212585	8.89163e-05
0.340173	25	0.971924	0.000109805	0.0211693	0.000103704
0.340252	26	0.972147	0.000113745	0.0212538	0.000108992
0.340151	27	0.971859	0.000114465	0.021336	0.000109925
0.377504	0	0.943759	0.000343372	0.0363494	0.000366951
0.386122	1	0.965304	0.000206625	0.0255134	0.000257898
0.387268	2	0.968169	0.000250159	0.0239472	0.000330711
0.386964	3	0.967409	0.000185132	0.0256695	0.000212345
0.385323	4	0.963308	0.000201904	0.0260137	0.000242014
0.376276	5	0.940691	0.000250976	0.0463735	0.000306274
0.366787	6	0.916967	0.000419615	0.0698439	0.00047613
0.380345	7	0.950861	0.000224514	0.035889	0.000220544
0.38284	8	0.957101	0.00017885	0.028217	0.000163426
0.383764	9	0.95941	0.000171913	0.0257092	0.000157421
0.38463	10	0.961575	0.000160859	0.0245946	0.000147376
0.384901	11	0.962254	0.000158999	0.0239095	0.000146324
0.38569	12	0.964224	0.000146135	0.0237226	0.000137376
0.386369	13	0.965922	0.000138118	0.0232816	0.000135082
0.386419	14	0.966047	0.000140066	0.022994	0.000134996
0.386931	15	0.967327	0.000130078	0.0222778	0.000125894
0.387389	16	0.968473	0.000125098	0.0222213	0.000126158
0.387681	17	0.969201	0.000121072	0.0216731	0.000121509
0.387803	18	0.969508	0.000102564	0.0215228	9.35971e-05
0.387908	19	0.96977	0.000100658	0.0207787	9.13391e-05
0.388236	20	0.970589	9.58673e-05	0.0208463	8.81588e-05
0.388253	21	0.970633	9.62413e-05	0.0209052	8.86559e-05
0.388305	22	0.970761	9.40018e-05	0.0209938	8.68283e-05
0.388409	23	0.971023	9.18339e-05	0.0208021	8.44949e-05
0.388525	24	0.971312	8.88901e-05	0.0210289	8.31422e-05
0.388295	25	0.970738	0.000105175	0.0211376	9.72987e-05
0.388336	26	0.97084	0.000123265	0.0201587	0.000123866
0.388053	27	0.970133	0.000130726	0.0205741	0.000131723
0.423951	0	0.942114	0.000445437	0.0337935	0.000543135
0.433374	1	0.963053	0.000243383	0.0251434	0.000332929
0.435201	2	0.967114	0.000210121	0.0251489	0.000277448
0.434913	3	0.966473	0.000204604	0.0235154	0.00025163
0.432458	4	0.961017	0.000184997	0.0280136	0.00021777
0.422196	5	0.938214	0.000243534	0.0453643	0.000279189
0.411857	6	0.915237	0.000406889	0.0699339	0.000479624
0.4267	7	0.948221	0.000222001	0.0368587	0.000217451
0.429763	8	0.955029	0.00019116	0.0266797	0.00017893
0.431685	9	0.959299	0.000174631	0.0251692	0.000171114
0.431956	10	0.959902	0.000175158	0.0239692	0.000170303
0.432752	11	0.961671	0.000149742	0.0235701	0.000134816
0.433458	12	0.96324	0.000139051	0.0230248	0.000125911
0.434015	13	0.964478	0.000130598	0.0224512	0.000121263
0.434354	14	0.965231	0.00012495	0.021827	0.00011377
0.434614	15	0.965809	0.000125391	0.0221816	0.000116742
0.434883	16	0.966407	0.000118992	0.0213107	0.000111356
0.435465	17	0.9677	0.000117602	0.0214996	0.000113683
0.435887	18	0.968638	0.000109915	0.0212162	0.000106853
0.436018	19	0.968928	0.000106943	0.0209481	0.000103776
0.436086	20	0.969081	0.00010682	0.0209689	0.000103817
0.436505	21	0.970011	0.00010128	0.0203146	0.000100553
0.436477	22	0.96995	8.92304e-05	0.0203809	8.02751e-05
0.436521	23	0.970048	9.75347e-05	0.0204831	9.76845e-05
0.436589	24	0.970198	9.68963e-05	0.0206867	9.8199e-05
0.436296	25	0.969546	0.00011348	0.0202947	0.000111592
0.436322	26	0.969605	0.000120909	0.0208305	0.000118078
0.436122	27	0.96916	0.000120291	0.0211467	0.000117658
0.470234	0	0.940468	0.00039005	0.0328862	0.000449346
0.480938	1	0.961875	0.000224467	0.0249968	0.000295335
0.482966	2	0.965932	0.000186734	0.028265	0.000257531
0.482116	3	0.964231	0.00021124	0.0261339	0.00025978
0.4797	4	0.959401	0.000227802	0.025904	0.000282136
0.467685	5	0.93537	0.000222313	0.0472134	0.000248822
0.454833	6	0.909666	0.000414599	0.0710955	0.000454504
0.473262	7	0.946523	0.000214138	0.0363985	0.000209095
0.477367	8	0.954734	0.000174108	0.0262939	0.000161554
0.478241	9	0.956482	0.000169301	0.02425	0.000153968
0.479294	10	0.958587	0.000163631	0.0232917	0.000148616
0.480147	11	0.960295	0.000154278	0.0226996	0.00014473
0.48099	12	0.96198	0.000144918	0.0221706	0.000136735
0.481291	13	0.962582	0.000146593	0.0221629	0.000142924
0.482012	14	0.964024	0.000139067	0.0212505	0.000135042
0.482353	15	0.964706	0.000119043	0.0213415	0.000109282
0.482923	16	0.965845	0.000112275	0.0214469	0.000102307
0.483108	17	0.966216	0.000110089	0.0208716	0.000100928
0.483512	18	0.967023	0.000104401	0.0208291	9.66178e-05
0.483719	19	0.967438	0.000102885	0.020756	9.6589e-05
0.484005	20	0.968009	0.000100794	0.0206643	9.51707e-05
0.484279	21	0.968558	9.87843e-05	0.0200944	9.40857e-05
0.484439	22	0.968878	9.62075e-05	0.0201581	9.2571e-05
0.484281	23	0.968561	9.73563e-05	0.020199	9.31421e-05
0.484497	24	0.968995	9.28284e-05	0.0202218	9.01145e-05
0.484207	25	0.968414	0.000109873	0.020579	0.000103829
0.484242	26	0.968484	0.000113657	0.0205623	0.000107198
0.483936	27	0.967871	0.000116159	0.0205264	0.000108692
0.516471	0	0.939038	0.000372118	0.0378387	0.000455838
0.527826	1	0.959683	0.000167655	0.0262578	0.000180761
0.529725	2	0.963136	0.000197839	0.0259818	0.000235519
0.529628	3	0.96296	0.000192282	0.025561	0.000223509
0.526707	4	0.95765	0.000208299	0.0253956	0.000241249
0.512512	5	0.931841	0.000209663	0.0494413	0.000230929
0.498835	6	0.906972	0.000408724	0.0711572	0.000460966
0.519474	7	0.944498	0.000220865	0.0354559	0.00021283
0.524161	8	0.95302	0.000190326	0.025238	0.000180876
0.525705	9	0.955828	0.000175028	0.0230877	0.000166329
0.527074	10	0.958317	0.000151297	0.023715	0.000139704
0.527658	11	0.959378	0.000147806	0.0228615	0.000137279
0.528158	12	0.960287	0.000142939	0.0218037	0.000128884
0.529093	13	0.961986	0.000132869	0.0215205	0.000125969
0.529776	14	0.963229	0.000128174	0.0211365	0.000121859
0.529926	15	0.963502	0.00012813	0.021184	0.000123338
0.530604	16	0.964734	0.00012159	0.0206298	0.000120322
0.531141	17	0.965712	0.000117524	0.0206254	0.000118752
0.531277	18	0.965957	9.99855e-05	0.0208842	9.1828e-05
0.531485	19	0.966336	9.79378e-05	0.0203777	8.90658e-05
0.531663	20	0.96666	9.46819e-05	0.0200892	8.52483e-05
0.532081	21	0.96742	9.32325e-05	0.0202495	8.55789e-05
0.532251	22	0.96773	8.85233e-05	0.0196447	8.18163e-05
0.532246	23	0.96772	9.03094e-05	0.0198086	8.35739e-05
0.532003	24	0.967279	9.0392e-05	0.0199944	8.16526e-05
0.532052	25	0.967367	0.000103065	0.0205517	9.55158e-05
0.531935	26	0.967154	0.000110882	0.0198069	9.9964e-05
0.531718	27	0.966761	0.000110683	0.0205645	0.000101734
0.562396	0	0.937326	0.000328057	0.0375093	0.000383934
0.574292	1	0.957153	0.00020572	0.0275386	0.000246721
0.576751	2	0.961252	0.000257813	0.0239578	0.000321527
0.576034	3	0.960056	0.000191056	0.025745	0.000206561
0.573528	4	0.95588	0.000191846	0.0272379	0.000218789
0.557869	5	0.929782	0.000227581	0.0484242	0.000258615
0.542459	6	0.904099	0.000399093	0.0711986	0.00044377
0.565537	7	0.942562	0.000220177	0.0352796	0.000207353
0.571246	8	0.952076	0.00017712	0.0253022	0.000163236
0.572538	9	0.954229	0.000170623	0.0235981	0.000155404
0.574171	10	0.956952	0.000168272	0.0223552	0.000157952
0.575043	11	0.958405	0.00016002	0.021144	0.000150313
0.575685	12	0.959475	0.000135733	0.0216312	0.000121072
0.576302	13	0.960503	0.000128362	0.0214156	0.000115208
0.577094	14	0.961823	0.000124141	0.0212133	0.000116003
0.577838	15	0.963063	0.000122097	0.0211111	0.000115888
0.578116	16	0.963527	0.000116022	0.0203031	0.000110995
0.578478	17	0.964129	0.000112096	0.0205312	0.000109013
0.579023	18	0.965039	0.000108429	0.019905	0.000105363
0.579218	19	0.965364	0.000107477	0.0202043	0.000105934
0.57954	20	0.965901	0.000104516	0.0200238	0.000103398
0.579733	21	0.966221	0.000103651	0.0196307	0.000101096
0.579869	22	0.966448	0.000102059	0.019678	0.000100631
0.580133	23	0.966889	8.50795e-05	0.019758	7.57465e-05
0.580145	24	0.966908	0.000102533	0.0193122	0.000103637
0.580062	25	0.96677	0.000118786	0.0198791	0.000118702
0.579776	26	0.966294	0.000121254	0.0196927	0.000119019
0.579332	27	0.965553	0.000124994	0.020322	0.000124226
0.606517	0	0.933103	0.000305154	0.0392595	0.000317115
0.621991	1	0.956909	0.000177285	0.028071	0.00021351
0.623659	2	0.959475	0.00021559	0.0273117	0.000276665
0.624157	3	0.960241	0.000199911	0.0262211	0.000253126
0.620855	4	0.955161	0.000227244	0.0271123	0.000296311
0.602796	5	0.927379	0.000213374	0.0530765	0.000250376
0.587299	6	0.903537	0.000380646	0.066519	0.000408843
0.61194	7	0.941446	0.000220099	0.0347407	0.000213043
0.618327	8	0.951272	0.000170645	0.0243528	0.000155646
0.62025	9	0.954231	0.000160549	0.0228492	0.000149236
0.621633	10	0.956358	0.000157606	0.0220023	0.000146006
0.622482	11	0.957665	0.000150234	0.0216767	0.000143701
0.623525	12	0.959269	0.000130163	0.021976	0.000117335
0.623677	13	0.959503	0.000144475	0.0208179	0.000135489
0.624444	14	0.960683	0.000121894	0.0204614	0.000109354
0.625347	15	0.962072	0.000117266	0.020597	0.000108199
0.625688	16	0.962598	0.000111657	0.0200538	0.000100724
0.626274	17	0.963499	0.000109103	0.0198786	0.000102018
0.626358	18	0.963628	0.000107182	0.019636	9.95166e-05
0.626992	19	0.964603	0.000102945	0.0199371	9.8684e-05
0.627288	20	0.965059	0.000101037	0.0197386	9.75059e-05
0.627485	21	0.965362	9.98412e-05	0.0199123	9.73209e-05
0.627573	22	0.965497	9.74362e-05	0.0195028	9.38127e-05
0.627749	23	0.965767	9.57016e-05	0.0197174	9.31307e-05
0.62765	24	0.965616	9.52688e-05	0.0195221	9.18629e-05
0.627493	25	0.965373	0.000113784	0.0196335	0.000109449
0.627103	26	0.964775	0.000118016	0.0202518	0.000114986
0.627021	27	0.964648	0.000114089	0.0200079	0.000110479
0.653816	0	0.934023	0.000361641	0.0383913	0.00044879
0.668637	1	0.955196	0.000175381	0.0272566	0.000196138
0.671298	2	0.958997	0.000201428	0.0275092	0.00025554
0.670361	3	0.957658	0.000205277	0.0253004	0.000235772
0.667563	4	0.953661	0.000205044	0.0288089	0.000264904
0.646538	5	0.923626	0.00021241	0.0579129	0.000251709
0.63038	6	0.900542	0.000378348	0.0673915	0.000390909
0.658596	7	0.940851	0.00020949	0.0336835	0.000197736
0.665306	8	0.950437	0.000191281	0.0243537	0.000180527
0.667442	9	0.953489	0.00017812	0.0221677	0.000174458
0.668361	10	0.954801	0.000155983	0.0213695	0.000141503
0.669265	11	0.956093	0.000151061	0.0215249	0.000135548
0.670907	12	0.958439	0.000135971	0.0213134	0.000130902
0.671649	13	0.959498	0.00013573	0.0206505	0.000128529
0.672267	14	0.960381	0.000131876	0.0203059	0.000129975
0.672715	15	0.961022	0.000114825	0.0207499	0.000104346
0.673244	16	0.961778	0.000108381	0.0197511	9.56045e-05
0.673517	17	0.962168	0.000106922	0.0197814	9.48944e-05
0.67405	18	0.962928	0.000102092	0.0196806	9.10322e-05
0.674507	19	0.963581	0.000101068	0.019657	9.39874e-05
0.674982	20	0.964259	9.83453e-05	0.0196082	9.21543e-05
0.675032	21	0.964331	9.75119e-05	0.0193497	9.09577e-05
0.675159	22	0.964513	9.44966e-05	0.0193297	8.85669e-05
0.675403	23	0.964861	9.33848e-05	0.0194959	8.82065e-05
0.675385	24	0.964836	9.20708e-05	0.0194184	8.65196e-05
0.674918	25	0.964168	0.000111388	0.0197219	0.000105601
0.6747	26	0.963858	0.000117779	0.0198744	0.000111517
0.674733	27	0.963904	0.00011057	0.0194261	0.000102749
0.699322	0	0.932429	0.000345802	0.04018	0.000427635
0.714923	1	0.953231	0.000217396	0.0298179	0.000287442
0.718615	2	0.958153	0.000191167	0.0249568	0.000218394
0.717475	3	0.956634	0.000186541	0.029543	0.000232069
0.714623	4	0.95283	0.000198083	0.0292543	0.000253444
0.690842	5	0.921123	0.000200876	0.058717	0.000226418
0.673534	6	0.898045	0.000389648	0.0671482	0.00039805
0.704379	7	0.939172	0.000205122	0.0336185	0.000189374
0.712594	8	0.950125	0.000174907	0.0240009	0.000164801
0.714706	9	0.952941	0.000170675	0.0222191	0.000166035
0.715924	10	0.954566	0.000153788	0.0218407	0.000138382
0.717263	11	0.956351	0.000143871	0.0214481	0.000133671
0.717728	12	0.956971	0.000138792	0.0207567	0.000127117
0.718895	13	0.958526	0.000129815	0.0198537	0.0001208
0.719365	14	0.959153	0.000133325	0.0202092	0.000127744
0.720359	15	0.960478	0.000126012	0.0196518	0.000119766
0.72111	16	0.96148	0.000121901	0.0196578	0.00011825
0.721288	17	0.961717	0.000101973	0.0196928	8.95111e-05
0.721711	18	0.962281	0.000102015	0.0196745	9.31467e-05
0.722175	19	0.9629	9.84767e-05	0.0197397	9.0821e-05
0.722431	20	0.963241	9.71908e-05	0.0194389	8.88598e-05
0.72287	21	0.963827	9.128e-05	0.019393	8.46596e-05
0.722932	22	0.963909	9.181e-05	0.0192999	8.48294e-05
0.722927	23	0.963903	9.08907e-05	0.0193547	8.40038e-05
0.722991	24	0.963988	8.86663e-05	0.0192678	8.20367e-05
0.722854	25	0.963806	0.000102944	0.0193929	9.53068e-05
0.722287	26	0.963049	0.000112871	0.0192069	0.000102486
0.721811	27	0.962414	0.00011338	0.0198629	0.000100907
0.744696	0	0.93087	0.000344342	0.0403032	0.000411287
0.761521	1	0.951902	0.000166033	0.0321584	0.000193085
0.765368	2	0.95671	0.000182613	0.0279092	0.000216715
0.763799	3	0.954749	0.000187794	0.0309552	0.000228694
0.761276	4	0.951595	0.000183189	0.0297853	0.000228821
0.735493	5	0.919367	0.000191047	0.062773	0.000226659
0.716731	6	0.895914	0.000383443	0.0643428	0.00037712
0.751114	7	0.938892	0.000215178	0.0322745	0.000202454
0.759655	8	0.949569	0.000166671	0.0237489	0.000158316
0.761168	9	0.95146	0.000174016	0.0222575	0.000156871
0.762739	10	0.953423	0.000164589	0.0209712	0.000153242
0.764607	11	0.955759	0.00015467	0.020289	0.0001511
0.765404	12	0.956756	0.000132959	0.0207546	0.000121038
0.765753	13	0.957191	0.000131067	0.0201182	0.000116413
0.767001	14	0.958751	0.000125174	0.0198723	0.000117304
0.768031	15	0.960038	0.000120465	0.019659	0.000115129
0.768211	16	0.960264	0.000120583	0.0197627	0.000115298
0.769112	17	0.96139	0.000116875	0.0194158	0.000112337
0.769219	18	0.961524	0.000112773	0.0192937	0.00010725
0.769429	19	0.961787	0.000116149	0.0190053	0.000114015
0.769999	20	0.962499	0.000113621	0.0192717	0.000115304
0.770166	21	0.962707	9.09838e-05	0.0191439	8.1974e-05
0.770563	22	0.963203	8.95798e-05	0.0191617	8.11021e-05
0.770639	23	0.963299	8.88887e-05	0.0193384	8.17018e-05
0.770804	24	0.963505	8.73901e-05	0.0194213	8.10298e-05
0.769975	25	0.962469	0.000103987	0.0196309	9.32527e-05
0.769955	26	0.962443	0.000129988	0.0190827	0.000130477
0.769963	27	0.962454	0.000107967	0.0197204	9.6598e-05
0.791374	0	0.931028	0.000306783	0.04074	0.000370357
0.808596	1	0.951289	0.000191646	0.030911	0.000242717
0.811865	2	0.955135	0.000182103	0.0307454	0.000222567
0.810744	3	0.953817	0.000176735	0.0295833	0.000202234
0.808015	4	0.950606	0.000173373	0.0301689	0.000210295
0.779839	5	0.917457	0.000199396	0.0606277	0.000230628
0.76045	6	0.894647	0.000382231	0.0645235	0.000382382
0.797009	7	0.937658	0.000207004	0.0317841	0.000190384
0.806679	8	0.949034	0.000165227	0.0227686	0.000150585
0.808995	9	0.951759	0.00015806	0.0216964	0.000148594
0.810504	10	0.953534	0.000159022	0.0209403	0.000147917
0.811925	11	0.955206	0.000152003	0.0208908	0.00014584
0.813146	12	0.956642	0.000145199	0.02013	0.000144073
0.814139	13	0.957811	0.000121432	0.0199124	0.00010869
0.814696	14	0.958466	0.000122006	0.0196249	0.000112424
0.815161	15	0.959013	0.000120648	0.0195332	0.000111521
0.815912	16	0.959896	0.00011709	0.0194298	0.000109093
0.816771	17	0.960907	0.000111217	0.0195122	0.000107053
0.816667	18	0.960785	0.000115151	0.0193618	0.000108747
0.817339	19	0.961575	0.000108203	0.0192975	0.000103685
0.81753	20	0.9618	0.000106733	0.0185509	0.000103074
0.817767	21	0.962079	0.00010587	0.018752	0.000104
0.818317	22	0.962725	0.000101706	0.0186066	0.000100473
0.818035	23	0.962394	0.000103927	0.0189131	0.000103552
0.818205	24	0.962594	8.62376e-05	0.0189316	7.68172e-05
0.817623	25	0.96191	0.000115669	0.0191427	0.000110482
0.817436	26	0.961689	0.000127545	0.0194283	0.000122603
0.817275	27	0.9615	0.000107106	0.0196498	9.42327e-05
0.835078	0	0.927864	0.000290609	0.0415561	0.000310614
0.855842	1	0.950936	0.000175675	0.0320133	0.000227333
0.858357	2	0.95373	0.000175207	0.0309498	0.000207653
0.858322	3	0.953691	0.000169853	0.03015	0.000197229
0.854045	4	0.948939	0.000171309	0.0293105	0.000195248
0.824588	5	0.916209	0.000195059	0.0593967	0.000218033
0.806385	6	0.895984	0.000356886	0.0595314	0.00034227
0.843238	7	0.936931	0.000199362	0.0319317	0.000178423
0.853444	8	0.948271	0.000184518	0.0229674	0.00017711
0.856087	9	0.951208	0.00015102	0.0213655	0.000138444
0.857515	10	0.952795	0.000158823	0.020981	0.000147098
0.859063	11	0.954515	0.000155652	0.0203099	0.000150007
0.859733	12	0.955259	0.000148556	0.0194804	0.000137779
0.861385	13	0.957094	0.000119321	0.0197641	0.00010618
0.861931	14	0.957701	0.000122865	0.0195773	0.000111932
0.863391	15	0.959324	0.000112659	0.0192325	0.000104408
0.863144	16	0.959049	0.000116413	0.0194304	0.000107393
0.864158	17	0.960175	0.000109385	0.0192981	0.000102165
0.864368	18	0.960409	0.000107421	0.0188777	9.94217e-05
0.864945	19	0.96105	0.000105735	0.0189028	9.82332e-05
0.865113	20	0.961237	0.000104419	0.0187986	0.000101306
0.865174	21	0.961304	0.000105211	0.0188183	0.000102297
0.866009	22	0.962232	0.000101918	0.0191641	0.000102627
0.865913	23	0.962126	9.99824e-05	0.0189747	9.95374e-05
0.865806	24	0.962006	9.62749e-05	0.0190186	9.20131e-05
0.865341	25	0.961491	0.000116584	0.0190118	0.000114261
0.865391	26	0.961545	0.000122725	0.0195882	0.000119831
0.864987	27	0.961097	0.000121402	0.0194221	0.00011653
0.879882	0	0.926191	0.000326576	0.0426982	0.00037253
0.901922	1	0.949392	0.000174043	0.0344999	0.000228448
0.905552	2	0.953212	0.000166078	0.0301129	0.000189793
0.903558	3	0.951113	0.000173306	0.0318695	0.000196792
0.900212	4	0.947592	0.000171802	0.0331111	0.000207251
0.868486	5	0.914195	0.000204389	0.0624949	0.000240395
0.848199	6	0.892841	0.000365212	0.061921	0.000342669
0.889996	7	0.936838	0.000215293	0.0318353	0.000209535
0.900169	8	0.947546	0.000161078	0.0230193	0.000142126
0.903064	9	0.950594	0.000146704	0.0210232	0.000131894
0.904743	10	0.952361	0.000149652	0.0205307	0.000135726
0.906615	11	0.954332	0.000147278	0.0201945	0.000140123
0.907446	12	0.955206	0.000139691	0.0197327	0.000132606
0.908713	13	0.95654	0.000138569	0.0196389	0.000133866
0.90938	14	0.957242	0.000140647	0.0197675	0.00013611
0.910253	15	0.958161	0.000114961	0.0192056	0.000104449
0.911055	16	0.959006	0.000109775	0.0192475	0.00010108
0.911971	17	0.95997	0.000105307	0.0188158	9.62728e-05
0.911981	18	0.95998	0.000106288	0.0191147	9.87509e-05
0.912343	19	0.960361	0.000101773	0.0183888	9.17386e-05
0.91285	20	0.960895	9.95407e-05	0.0188596	9.26708e-05
0.912779	21	0.96082	9.87252e-05	0.0189127	9.17794e-05
0.913226	22	0.961291	9.51058e-05	0.0186649	8.86549e-05
0.913697	23	0.961786	9.68984e-05	0.0188967	9.53403e-05
0.913575	24	0.961657	9.59654e-05	0.0186902	9.40063e-05
0.912589	25	0.96062	0.000113542	0.0193415	0.000107248
0.913473	26	0.961551	0.000115015	0.0192442	0.000111118
0.912732	27	0.960771	0.000118342	0.0194404	0.000112747
0.925718	0	0.925718	0.000297834	0.041157	0.000329047
0.947075	1	0.947075	0.000147564	0.0360276	0.000167956
0.951698	2	0.951698	0.000165847	0.0318266	0.000190628
0.950129	3	0.950129	0.000165143	0.0343073	0.000194446
0.946045	4	0.946045	0.000160842	0.0352123	0.000194647
0.912985	5	0.912985	0.000195279	0.063354	0.000228477
0.892889	6	0.892889	0.000362468	0.0598254	0.000345394
0.936064	7	0.936064	0.000210658	0.0301338	0.000196264
0.947247	8	0.947247	0.00015382	0.0232319	0.000135525
0.949626	9	0.949626	0.000176213	0.021233	0.000165
0.952559	10	0.952559	0.000167316	0.019936	0.000162008
0.953781	11	0.953781	0.000141522	0.0197202	0.000131877
0.955118	12	0.955118	0.000137558	0.0196471	0.000130398
0.955687	13	0.955687	0.000137651	0.0195388	0.000129703
0.956643	14	0.956643	0.000135808	0.0190977	0.000133078
0.957676	15	0.957676	0.000132935	0.0190985	0.000132878
0.958335	16	0.958335	0.000124839	0.0186111	0.000123054
0.959044	17	0.959044	0.000106674	0.0192804	9.86133e-05
0.959447	18	0.959447	0.000102017	0.0186763	9.20751e-05
0.960245	19	0.960245	0.000100876	0.018858	9.29716e-05
0.960631	20	0.960631	0.000101533	0.0190359	9.50391e-05
0.960253	21	0.960253	9.73911e-05	0.0187257	8.92254e-05
0.960682	22	0.960682	9.95179e-05	0.0187514	9.50964e-05
0.960721	23	0.960721	9.76376e-05	0.0190389	9.09975e-05
0.960612	24	0.960612	9.47163e-05	0.01883	8.78391e-05
0.959591	25	0.959591	0.000110907	0.018915	0.000101394
0.960097	26	0.960097	0.000116575	0.0191129	0.000108488
0.959933	27	0.959933	0.0001121	0.0190214	0.000103059
0.970877	0	0.924644	0.000279093	0.0475516	0.000334772
0.994448	1	0.947093	0.000159079	0.0368742	0.000206184
0.9973	2	0.94981	0.000165059	0.0348036	0.000194419
0.996721	3	0.949258	0.000159689	0.0345773	0.000185249
0.990614	4	0.943442	0.000144175	0.0375283	0.000160388
0.957911	5	0.912296	0.000188254	0.0622334	0.000215032
0.937163	6	0.892536	0.000359215	0.0578125	0.000336488
0.982497	7	0.935711	0.000206395	0.0307304	0.000193511
0.993811	8	0.946487	0.000172544	0.0225252	0.00015982
0.997029	9	0.949552	0.000167561	0.0207115	0.000153384
0.999317	10	0.95173	0.000144389	0.0205643	0.000131286
1.00061	11	0.952959	0.000139418	0.0194903	0.000126239
1.00195	12	0.954236	0.000138817	0.0199449	0.000130525
1.00324	13	0.955468	0.000132091	0.0193155	0.000123511
1.00474	14	0.956899	0.000128941	0.0192611	0.000128953
1.00521	15	0.957339	0.000126519	0.0188761	0.000124071
1.00569	16	0.957802	0.000105405	0.0188087	9.30154e-05
1.00631	17	0.958393	0.000102915	0.0187329	9.18529e-05
1.0073	18	0.959333	9.80601e-05	0.0186074	8.86908e-05
1.00783	19	0.959834	9.97182e-05	0.0185655	9.32335e-05
1.0074	20	0.959433	9.89216e-05	0.0186027	8.87753e-05
1.00798	21	0.95998	9.67765e-05	0.0189237	8.89151e-05
1.00858	22	0.960553	9.46085e-05	0.0189921	8.88289e-05
1.00835	23	0.960336	9.43478e-05	0.0190826	8.81106e-05
1.00833	24	0.960316	9.24536e-05	0.0188498	8.5404e-05
1.00798	25	0.959981	0.000107128	0.0190789	9.94857e-05
1.00805	26	0.960043	0.000115589	0.0191381	0.000108444
1.00757	27	0.959592	0.000110518	0.0188233	0.000100396
1.01498	0	0.922705	0.000293812	0.0458014	0.000333652
1.03876	1	0.94433	0.00014793	0.0355325	0.000159037
1.04388	2	0.948984	0.000161255	0.0362757	0.000192737
1.04198	3	0.947251	0.000157706	0.0377027	0.000186392
1.03779	4	0.943446	0.000158449	0.0385799	0.000194542
1.00201	5	0.910917	0.000187889	0.0641374	0.000217667
0.980961	6	0.891783	0.00035065	0.0583933	0.00032834
1.02872	7	0.935204	0.00019516	0.0295617	0.000174433
1.04096	8	0.94633	0.000165707	0.0220632	0.000150226
1.04407	9	0.949159	0.000161871	0.0201878	0.000151741
1.04656	10	0.951417	0.000157429	0.0197095	0.000150957
1.04775	11	0.9525	0.00016429	0.0193378	0.000162491
1.04943	12	0.954027	0.00013511	0.0195394	0.000125322
1.05054	13	0.955037	0.000130202	0.0194927	0.000122462
1.0517	14	0.956091	0.00011159	0.0193254	9.60053e-05
1.05248	15	0.956804	0.00012223	0.0189365	0.000114538
1.05353	16	0.957753	0.000121011	0.0186926	0.000118848
1.05376	17	0.957966	0.000101436	0.0182931	8.80904e-05
1.05424	18	0.958403	0.000119191	0.0185426	0.000116879
1.05514	19	0.959216	9.5827e-05	0.0185349	8.62209e-05
1.05576	20	0.959778	9.42528e-05	0.0185336	8.4697e-05
1.05572	21	0.959747	9.31263e-05	0.0188126	8.53994e-05
1.05613	22	0.960114	9.23071e-05	0.0188831	8.55645e-05
1.05588	23	0.959894	9.30235e-05	0.0189405	8.49616e-05
1.05545	24	0.959498	9.21902e-05	0.0187029	8.30841e-05
1.05558	25	0.959622	0.000105133	0.0191107	9.75436e-05
1.05527	26	0.959339	0.000112474	0.0191343	0.000104661
1.0548	27	0.958912	0.000110706	0.0188756	9.96674e-05
1.06109	0	0.922687	0.000275726	0.0467487	0.000318415
1.0864	1	0.944697	0.000154663	0.0368955	0.000189107
1.08886	2	0.946831	0.000163001	0.0362709	0.000186382
1.08826	3	0.946316	0.000159443	0.0365049	0.000181236
1.08312	4	0.941845	0.000145273	0.0365099	0.000154654
1.0461	5	0.909654	0.000191401	0.0617436	0.000212023
1.02456	6	0.89092	0.000354801	0.0582034	0.000333757
1.0747	7	0.934524	0.000198235	0.0292877	0.000177931
1.08814	8	0.946212	0.000161103	0.0216674	0.00014982
1.0913	9	0.948955	0.000159207	0.020447	0.000149936
1.09366	10	0.951006	0.00016536	0.0202454	0.000160356
1.09474	11	0.951947	0.000137267	0.0195094	0.000117766
1.09689	12	0.953818	0.000129992	0.019497	0.000119608
1.09803	13	0.954807	0.000125525	0.019129	0.000115298
1.09877	14	0.955449	0.000126244	0.0191028	0.000116813
1.10026	15	0.956745	0.000120856	0.0184643	0.000115424
1.10064	16	0.957082	0.000121476	0.0187484	0.000118267
1.10123	17	0.957589	0.000100829	0.018577	8.80474e-05
1.10225	18	0.958482	9.84843e-05	0.0187919	8.82484e-05
1.10225	19	0.958483	9.61002e-05	0.0186164	8.49263e-05
1.1027	20	0.958866	9.42527e-05	0.0185337	8.38241e-05
1.10293	21	0.959067	9.21987e-05	0.0184577	8.23201e-05
1.10344	22	0.959517	9.14161e-05	0.0187071	8.29174e-05
1.10371	23	0.95975	9.02178e-05	0.0189576	8.34272e-05
1.10348	24	0.959545	8.90861e-05	0.0185823	8.083e-05
1.10292	25	0.959063	0.00010315	0.0188953	9.38799e-05
1.10192	26	0.958189	0.000115274	0.019079	0.000103031
1.10194	27	0.95821	0.000112053	0.0188056	9.8821e-05
1.1063	0	0.921919	0.000269045	0.0475168	0.000310755
1.13128	1	0.942734	0.000147184	0.0432731	0.000194237
1.13549	2	0.946241	0.000155272	0.0379928	0.000179962
1.13357	3	0.944642	0.000153828	0.0386712	0.00017603
1.12817	4	0.940141	0.000146071	0.0395168	0.000159811
1.09198	5	0.909983	0.000198107	0.0601347	0.000227464
1.06736	6	0.889467	0.000358142	0.0579849	0.000329782
1.12113	7	0.934277	0.000191147	0.0294911	0.000171875
1.13516	8	0.945964	0.000176596	0.0213064	0.000169955
1.13797	9	0.948308	0.000154034	0.019911	0.000141777
1.14062	10	0.950517	0.00015827	0.0199151	0.000150994
1.14229	11	0.951906	0.000130737	0.0196083	0.000113481
1.14357	12	0.952979	0.000130399	0.0190381	0.000116633
1.14513	13	0.954273	0.000130045	0.0192824	0.000119011
1.14735	14	0.956127	0.000114128	0.018845	0.000107301
1.14738	15	0.956149	0.000119459	0.0184463	0.000112836
1.14835	16	0.956959	0.000113709	0.0182911	0.000108352
1.14925	17	0.957709	0.000114344	0.0188164	0.000113601
1.14994	18	0.95828	0.000108006	0.0181603	0.000105571
1.15021	19	0.958512	0.000110378	0.0182833	0.00010807
1.15012	20	0.958437	9.30782e-05	0.0183183	8.11479e-05
1.15061	21	0.958839	0.000111234	0.0185883	0.000110011
1.15096	22	0.959137	9.02257e-05	0.0189077	8.20653e-05
1.15081	23	0.959006	9.054e-05	0.0191204	8.32351e-05
1.15077	24	0.958979	8.95015e-05	0.0186847	8.03975e-05
1.15021	25	0.958509	0.000103269	0.018963	9.34517e-05
1.14967	26	0.958062	0.000111119	0.0187206	9.888e-05
1.14943	27	0.957862	0.000112055	0.0193342	0.000100984
1.15096	0	0.920766	0.000306365	0.0462926	0.000366091
1.1765	1	0.941198	0.000145286	0.0379817	0.000156896
1.18081	2	0.944646	0.000152118	0.0390175	0.000175555
1.18131	3	0.94505	0.000149641	0.0362684	0.000166517
1.17448	4	0.939582	0.000141637	0.0402277	0.000157554
1.13698	5	0.909585	0.000192621	0.0587362	0.000215228
1.11266	6	0.890128	0.000341769	0.054783	0.000318128
1.16678	7	0.933424	0.000210978	0.0288933	0.000194154
1.1811	8	0.944877	0.000182976	0.0208452	0.000176561
1.18498	9	0.947985	0.000156704	0.0200439	0.000145219
1.18801	10	0.95041	0.000150087	0.0195751	0.000140907
1.19017	11	0.952139	0.000147488	0.0191398	0.000146142
1.19112	12	0.952896	0.000147119	0.019142	0.00014733
1.19271	13	0.954169	0.00011787	0.0185418	0.000105623
1.19446	14	0.955567	0.000116196	0.0190353	0.00010828
1.19508	15	0.956066	0.000115521	0.0185805	0.000110306
1.19536	16	0.956289	0.000116149	0.0184245	0.000110208
1.196	17	0.956796	0.0001187	0.0187565	0.000115067
1.1969	18	0.957519	0.000110178	0.0185335	0.000108234
1.19742	19	0.957937	0.000107067	0.018195	0.000103178
1.19775	20	0.958203	0.000111166	0.0186504	0.00011034
1.19788	21	0.958302	9.0391e-05	0.0184799	8.00482e-05
1.19825	22	0.958598	0.000105978	0.0187184	0.000106357
1.19871	23	0.95897	8.71854e-05	0.018572	7.84474e-05
1.19767	24	0.958136	9.01647e-05	0.0186653	7.96904e-05
1.19793	25	0.958347	0.000118305	0.0184852	0.000116774
1.19794	26	0.958351	0.000106682	0.0191111	9.65089e-05
1.19687	27	0.957493	0.000134399	0.0191557	0.000133597
1.19702	0	0.920788	0.000263302	0.044729	0.000286908
1.22361	1	0.941238	0.000152931	0.0385992	0.000179019
1.22701	2	0.943855	0.000151651	0.0400575	0.000175815
1.22752	3	0.944249	0.000167982	0.0403777	0.000218005
1.22203	4	0.94002	0.000137364	0.0397703	0.00016066
1.18189	5	0.909148	0.000189057	0.0573277	0.000207092
1.15511	6	0.888549	0.000345426	0.0530984	0.000311829
1.21351	7	0.93347	0.000198755	0.0274592	0.000178467
1.22841	8	0.944929	0.000155096	0.0215653	0.00013689
1.23193	9	0.947639	0.000148149	0.0202514	0.000132396
1.23534	10	0.950264	0.000142671	0.0198376	0.000136096
1.23737	11	0.951823	0.000142952	0.0193777	0.000136696
1.23799	12	0.952296	0.000127015	0.0190537	0.000112055
1.24013	13	0.953946	0.000119253	0.0188364	0.000107852
1.24137	14	0.954896	0.000116445	0.0192026	0.000108685
1.24226	15	0.955588	0.000114105	0.0186886	0.000104488
1.24324	16	0.95634	0.000111103	0.0186188	0.000107179
1.24349	17	0.95653	0.000114227	0.018381	0.00010844
1.24438	18	0.957213	0.000110251	0.0184173	0.000106117
1.2443	19	0.957151	0.000109672	0.0183513	0.000104542
1.2451	20	0.957772	0.000106519	0.0183443	0.000103879
1.24538	21	0.957987	0.000108493	0.0185992	0.000106522
1.24574	22	0.958258	0.000103359	0.0181584	9.95543e-05
1.24583	23	0.958334	8.69847e-05	0.018836	7.76704e-05
1.24622	24	0.958627	0.000100785	0.0184433	0.000100458
1.24537	25	0.957976	0.000116572	0.0184586	0.000113786
1.24525	26	0.957886	0.000124725	0.0187922	0.000124686
1.2448	27	0.957536	0.000123479	0.0185934	0.000121008
1.24278	0	0.920575	0.000275828	0.046582	0.000329071
1.27037	1	0.941014	0.000147698	0.0388619	0.000173086
1.27314	2	0.943065	0.000151432	0.0393456	0.000169667
1.27306	3	0.943006	0.000163942	0.0407943	0.000208623
1.26698	4	0.938503	0.000138436	0.0412455	0.00016191
1.22736	5	0.909154	0.000194201	0.0562424	0.000221294
1.19883	6	0.888024	0.00034873	0.055141	0.000323754
1.25997	7	0.933308	0.000198675	0.0277082	0.000179873
1.27539	8	0.944736	0.000177407	0.0213277	0.000167468
1.27985	9	0.94804	0.000144865	0.0203556	0.00013204
1.28146	10	0.949231	0.000148036	0.0193535	0.00013466
1.28407	11	0.951161	0.000148948	0.0187134	0.000141901
1.28564	12	0.952328	0.000144765	0.0190905	0.000142954
1.28714	13	0.953437	0.000117865	0.018315	0.000102709
1.28834	14	0.954329	0.00011386	0.0185093	0.000101892
1.28895	15	0.954778	0.000114515	0.0187203	0.000103871
1.29058	16	0.955982	0.000108423	0.0182418	0.000101678
1.29095	17	0.956258	0.000109209	0.0182801	0.000102981
1.29158	18	0.956729	0.000110065	0.018379	0.000104407
1.29171	19	0.956821	0.000110226	0.0184327	0.000105369
1.29253	20	0.957431	0.000106833	0.0183346	0.000103197
1.29324	21	0.957953	0.000100076	0.0183489	9.81254e-05
1.29285	22	0.957668	8.71025e-05	0.018475	7.57757e-05
1.29337	23	0.958052	0.000101585	0.0182507	9.85475e-05
1.29309	24	0.957844	9.8628e-05	0.0182633	9.52688e-05
1.29238	25	0.957316	0.000119322	0.0189229	0.000118524
1.2921	26	0.957111	0.000124874	0.0190463	0.000117896
1.29216	27	0.957154	0.000119709	0.0188587	0.000118304
1.28771	0	0.919791	0.000276916	0.0462534	0.000325254
1.31594	1	0.939955	0.000175953	0.0378172	0.000221106
1.32166	2	0.944042	0.000157677	0.0386696	0.000196459
1.31974	3	0.942669	0.000157938	0.0396402	0.000194661
1.3115	4	0.936787	0.000145145	0.04206	0.000167174
1.27167	5	0.908338	0.000198782	0.0548789	0.000220553
1.24355	6	0.888247	0.000333671	0.0541304	0.000308675
1.30525	7	0.932321	0.000220591	0.0272535	0.000210544
1.32174	8	0.944103	0.00016693	0.021075	0.00015672
1.32682	9	0.947728	0.000142274	0.0197499	0.000129166
1.32888	10	0.949198	0.000142927	0.0192429	0.000129997
1.33101	11	0.950724	0.000142494	0.0190374	0.000131244
1.33202	12	0.95144	0.000146744	0.0190567	0.000142077
1.33406	13	0.9529	0.000118798	0.0190011	0.000105993
1.3359	14	0.954213	0.000112609	0.0188197	0.000101975
1.33608	15	0.954346	0.000111949	0.0185494	9.99954e-05
1.33778	16	0.955559	0.000106281	0.0185892	9.73131e-05
1.33893	17	0.956376	0.000105112	0.0188184	0.000101982
1.33902	18	0.956441	0.000106782	0.0183247	0.000101001
1.34028	19	0.957344	0.000101618	0.0182237	9.78846e-05
1.34047	20	0.957479	0.000102755	0.0184783	0.000100496
1.34049	21	0.957493	0.0001	0.0181988	9.61261e-05
1.34087	22	0.957763	9.8234e-05	0.0182735	9.57284e-05
1.34105	23	0.957893	9.82192e-05	0.0183931	9.58379e-05
1.34012	24	0.957232	0.000101837	0.0184165	9.79658e-05
1.33966	25	0.956901	0.000114785	0.018662	0.000111891
1.33976	26	0.956968	0.000122732	0.0187186	0.000120418
1.33889	27	0.95635	0.000125107	0.0190921	0.00012286
1.33265	0	0.919071	0.000264983	0.0492755	0.000321822
1.36214	1	0.939408	0.000144564	0.0386352	0.000162804
1.36534	2	0.941617	0.000146028	0.0384605	0.00015874
1.36553	3	0.941746	0.00015827	0.039572	0.000190671
1.35789	4	0.936479	0.000157302	0.0435996	0.000202755
1.31508	5	0.906954	0.00021707	0.0550705	0.000253291
1.28716	6	0.887698	0.000338299	0.0524916	0.000302584
1.35158	7	0.932127	0.000194105	0.0276481	0.000174302
1.3689	8	0.944068	0.000168428	0.0210921	0.000157183
1.37377	9	0.947431	0.000137298	0.0198071	0.000121145
1.37599	10	0.948962	0.00014257	0.0191635	0.000128255
1.37942	11	0.951323	0.000132707	0.0188153	0.000127676
1.3804	12	0.952002	0.000135648	0.0190089	0.000127848
1.38137	13	0.952668	0.000139896	0.0188121	0.000136629
1.38223	14	0.953265	0.000115816	0.0187434	0.00010212
1.38415	15	0.954586	0.000108852	0.0185119	9.74425e-05
1.38485	16	0.955067	0.000106994	0.018082	9.82476e-05
1.38559	17	0.955579	0.000107051	0.0182755	0.000100004
1.38652	18	0.956223	0.000104927	0.01836	9.9268e-05
1.38721	19	0.956698	0.000100932	0.0181267	9.55514e-05
1.38744	20	0.956857	0.000101078	0.0183174	9.68869e-05
1.38811	21	0.957318	9.57619e-05	0.0183056	9.26447e-05
1.38818	22	0.957367	9.95834e-05	0.0186209	9.75166e-05
1.38773	23	0.957058	9.88141e-05	0.0184008	9.48509e-05
1.38756	24	0.956938	9.83717e-05	0.0185203	9.497e-05
1.38744	25	0.956853	0.000113333	0.0187115	0.000110758
1.38679	26	0.956404	0.0001195	0.0185373	0.000114368
1.3874	27	0.956831	0.00011562	0.0186702	0.000113197
1.37831	0	0.918876	0.000265089	0.0439732	0.000291179
1.40898	1	0.939318	0.000159206	0.0387912	0.000200061
1.41281	2	0.941872	0.000159839	0.0369246	0.000182521
1.41109	3	0.940728	0.000152979	0.0394081	0.000178656
1.40548	4	0.936984	0.000146994	0.0431994	0.000189592
1.36238	5	0.908253	0.000205686	0.0523386	0.000234981
1.33083	6	0.887222	0.000341303	0.0525253	0.00031302
1.39773	7	0.931823	0.000208467	0.0267865	0.000196058
1.41578	8	0.943851	0.000162713	0.0208319	0.000151042
1.41983	9	0.946552	0.000141007	0.0195095	0.000125128
1.42308	10	0.94872	0.000138153	0.0190034	0.000123207
1.42542	11	0.950278	0.00013671	0.0194816	0.000129053
1.42716	12	0.951437	0.000136017	0.0187702	0.000130368
1.42881	13	0.952541	0.000129403	0.018764	0.000127519
1.42982	14	0.953213	0.000131963	0.0185081	0.000128923
1.431	15	0.953999	0.000108541	0.0186469	9.69387e-05
1.43157	16	0.95438	0.000107561	0.0185972	9.63075e-05
1.43259	17	0.955061	0.000105759	0.0180288	9.69617e-05
1.43414	18	0.956092	0.00010117	0.0181335	9.43975e-05
1.43456	19	0.956372	0.000101404	0.0181156	9.51701e-05
1.43485	20	0.956569	0.000100252	0.0183178	9.56084e-05
1.43553	21	0.957017	9.75979e-05	0.018301	9.37805e-05
1.43565	22	0.957102	9.65372e-05	0.0184034	9.38219e-05
1.43526	23	0.95684	9.68991e-05	0.0186093	9.43299e-05
1.43518	24	0.956789	9.76943e-05	0.0186806	9.4975e-05
1.43406	25	0.956041	0.00011435	0.0185857	0.0001092
1.43447	26	0.95631	0.000114472	0.0181749	0.000108125
1.43379	27	0.955861	0.000116472	0.0189409	0.000109115
1.42207	0	0.917465	0.000273299	0.0445711	0.000299483
1.45516	1	0.938814	0.00015546	0.0377035	0.000188246
1.45911	2	0.941363	0.000156448	0.0386496	0.000182936
1.45685	3	0.9399	0.000158808	0.0398934	0.000185386
1.45105	4	0.936162	0.000145349	0.0422893	0.000181
1.40649	5	0.907411	0.000236657	0.0509084	0.000284773
1.37566	6	0.88752	0.000327837	0.0526922	0.000306297
1.4431	7	0.931032	0.000210541	0.0266119	0.000194941
1.46268	8	0.943667	0.000159615	0.0208962	0.000147972
1.46778	9	0.946955	0.000150029	0.0195348	0.000145072
1.46951	10	0.948072	0.000141445	0.0191695	0.000125772
1.47244	11	0.949963	0.000134819	0.0185925	0.000120262
1.47467	12	0.951399	0.000133644	0.0192862	0.000127631
1.47582	13	0.952139	0.000130611	0.0187178	0.00012703
1.47717	14	0.953012	0.00013021	0.0184767	0.000126788
1.47835	15	0.953777	0.000128491	0.0183423	0.000124887
1.4791	16	0.954258	0.000104957	0.0185167	9.3346e-05
1.4805	17	0.955163	0.000100682	0.0177663	9.12507e-05
1.48096	18	0.955461	0.000101519	0.0176863	9.20548e-05
1.4813	19	0.95568	0.000100244	0.0182183	9.33358e-05
1.48174	20	0.955959	0.00010024	0.0185868	9.56607e-05
1.48239	21	0.956379	9.62091e-05	0.0181208	9.05551e-05
1.48273	22	0.9566	9.72408e-05	0.0183271	9.23391e-05
1.48296	23	0.95675	9.53087e-05	0.018612	9.27765e-05
1.48316	24	0.956876	9.13993e-05	0.0183174	8.76693e-05
1.48183	25	0.956017	0.000107918	0.0188105	0.00010078
1.48137	26	0.955725	0.000118626	0.0186715	0.000113374
1.48189	27	0.956056	0.000112261	0.0185349	0.000107274
1.46894	0	0.918087	0.000262636	0.0441996	0.000289223
1.50051	1	0.937817	0.000163237	0.0348492	0.000181889
1.50498	2	0.940614	0.000153496	0.0392911	0.000178063
1.50511	3	0.940692	0.000151796	0.0368864	0.000169678
1.49795	4	0.936219	0.000147087	0.0405104	0.000177955
1.45186	5	0.907411	0.000193703	0.0519836	0.000215979
1.41994	6	0.88746	0.000326691	0.0515501	0.000301987
1.48931	7	0.93082	0.000203703	0.026056	0.000183726
1.50937	8	0.943357	0.000160918	0.0210987	0.000149559
1.51437	9	0.946481	0.000161094	0.0199548	0.000154141
1.51685	10	0.948031	0.000137541	0.019038	0.000122291
1.51977	11	0.949854	0.000137325	0.0195865	0.000128235
1.52092	12	0.950577	0.000134208	0.0185523	0.000126137
1.52362	13	0.952263	0.000126226	0.0184987	0.000122361
1.52499	14	0.95312	0.000122575	0.018285	0.000119102
1.52643	15	0.95402	0.000122723	0.0183315	0.000121274
1.52677	16	0.954232	0.000101699	0.0186998	9.14641e-05
1.52774	17	0.95484	0.000104023	0.0181749	9.57315e-05
1.52866	18	0.955413	9.9572e-05	0.0180432	9.22755e-05
1.52894	19	0.955585	9.75032e-05	0.0179435	8.95775e-05
1.52894	20	0.95559	9.94196e-05	0.0181966	9.27138e-05
1.53008	21	0.956297	9.47828e-05	0.0186445	8.79384e-05
1.52968	22	0.956047	9.7234e-05	0.0185126	9.248e-05
1.53042	23	0.956511	9.2532e-05	0.0184216	8.87469e-05
1.53079	24	0.956745	8.96124e-05	0.0182755	8.57662e-05
1.5291	25	0.955689	0.000104992	0.0184425	9.56338e-05
1.52943	26	0.955893	0.000115062	0.0191448	0.000109499
1.52883	27	0.955519	0.000111141	0.0186177	0.000102592
1.51415	0	0.917668	0.000290424	0.0403601	0.000321475
1.54574	1	0.936814	0.000158109	0.0360259	0.000176909
1.55073	2	0.939834	0.000184435	0.0373671	0.000228129
1.54914	3	0.938872	0.000154507	0.0388443	0.000173199
1.54333	4	0.935349	0.000142357	0.0400555	0.0001671
1.49412	5	0.905525	0.000234151	0.0512812	0.00027482
1.46441	6	0.887522	0.000315195	0.0516071	0.000291522
1.53616	7	0.931005	0.000195863	0.0255877	0.000174826
1.55657	8	0.943379	0.000151706	0.0207009	0.000139372
1.56155	9	0.946392	0.000134489	0.0197417	0.000116661
1.56428	10	0.948048	0.000134612	0.0191042	0.000120162
1.56675	11	0.949545	0.000132249	0.0189587	0.000119882
1.56887	12	0.950829	0.000125578	0.0186092	0.000119508
1.5708	13	0.951999	0.000126266	0.0184888	0.00012088
1.57169	14	0.952542	0.000123763	0.0181619	0.000118116
1.57291	15	0.953281	0.000122712	0.0181883	0.00011853
1.57379	16	0.953813	0.000100989	0.0181434	8.84184e-05
1.57556	17	0.954882	9.9026e-05	0.0179951	9.00059e-05
1.57562	18	0.954923	9.90374e-05	0.017782	8.92702e-05
1.57636	19	0.955372	9.62456e-05	0.0181667	8.90669e-05
1.57648	20	0.955443	9.85929e-05	0.0185405	9.26039e-05
1.57727	21	0.95592	9.40399e-05	0.0184108	8.91862e-05
1.57748	22	0.956051	9.53302e-05	0.0184115	9.06154e-05
1.57721	23	0.955887	9.15933e-05	0.0182541	8.57111e-05
1.5773	24	0.955939	9.30747e-05	0.0184908	8.8591e-05
1.57642	25	0.955409	0.000107206	0.0183345	9.96144e-05
1.57581	26	0.955035	0.000115859	0.0190907	0.000107254
1.57559	27	0.954903	0.000111641	0.0187521	0.000101925
1.56091	0	0.918184	0.000261603	0.0460841	0.00032501
1.59218	1	0.936579	0.000191768	0.035673	0.000237705
1.59779	2	0.939878	0.000181627	0.0389262	0.000232231
1.59521	3	0.93836	0.000147416	0.0393864	0.000164675
1.58886	4	0.934623	0.000143659	0.0399986	0.000165424
1.54033	5	0.906074	0.000225941	0.0492684	0.000258811
1.50753	6	0.886783	0.000320075	0.0514476	0.000298511
1.58264	7	0.930967	0.000188592	0.0256855	0.000168977
1.60302	8	0.942954	0.000154927	0.0206915	0.000142074
1.60741	9	0.945538	0.000152895	0.0197576	0.000144463
1.61086	10	0.947565	0.00013412	0.019266	0.000119309
1.61392	11	0.949366	0.00012635	0.0186978	0.000113443
1.61625	12	0.950734	0.00012603	0.0188111	0.000117344
1.61781	13	0.951653	0.000123316	0.0186994	0.000120104
1.61891	14	0.952301	0.00012371	0.0183524	0.000118688
1.62056	15	0.953269	0.000117873	0.0180732	0.000113387
1.62094	16	0.953496	0.000119717	0.0184721	0.000117375
1.62188	17	0.954046	9.92316e-05	0.0182294	8.69094e-05
1.62287	18	0.954631	9.6212e-05	0.0181224	8.73727e-05
1.62309	19	0.954757	9.75644e-05	0.0183444	8.99284e-05
1.62404	20	0.95532	9.34285e-05	0.0179083	8.52063e-05
1.62451	21	0.955592	9.29927e-05	0.0185581	8.54366e-05
1.62497	22	0.955862	9.39941e-05	0.0186024	8.96479e-05
1.62465	23	0.955679	9.2432e-05	0.0183433	8.6882e-05
1.62514	24	0.955963	8.84495e-05	0.0188574	8.31804e-05
1.62327	25	0.954867	0.00010916	0.0189775	0.000100326
1.6229	26	0.95465	0.000116943	0.0191563	0.000107953
1.62291	27	0.954652	0.000112642	0.019117	0.000104382
1.60518	0	0.917245	0.000288077	0.0410298	0.000318634
1.63804	1	0.936021	0.00015364	0.0371152	0.000173186
1.64318	2	0.93896	0.000178975	0.0372752	0.000215587
1.64202	3	0.938295	0.000179573	0.0372793	0.000212411
1.63236	4	0.93278	0.000147296	0.0406353	0.000165761
1.58456	5	0.905463	0.000212556	0.0474058	0.000234555
1.55074	6	0.886135	0.000322185	0.0503589	0.000295857
1.62886	7	0.930778	0.000188959	0.0259862	0.000171614
1.6495	8	0.942569	0.000150061	0.0202371	0.000133919
1.65516	9	0.945806	0.000151991	0.0197732	0.000144825
1.65788	10	0.947358	0.000133408	0.0195972	0.000121018
1.66013	11	0.948644	0.000151319	0.0184284	0.00014589
1.66325	12	0.95043	0.000122086	0.0185449	0.000111095
1.66424	13	0.950995	0.00012426	0.0185226	0.000118275
1.66604	14	0.952024	0.000121356	0.0182398	0.000115576
1.66747	15	0.952841	0.000118161	0.0183715	0.000115377
1.66771	16	0.952976	0.000118345	0.018151	0.000113901
1.66947	17	0.953984	9.82951e-05	0.018182	8.6351e-05
1.67073	18	0.954703	0.000114896	0.0181765	0.000113564
1.67046	19	0.954547	9.74596e-05	0.0187517	8.85902e-05
1.67123	20	0.954988	9.43012e-05	0.0180458	8.63171e-05
1.67121	21	0.954978	9.26946e-05	0.0181924	8.51558e-05
1.67186	22	0.955349	9.06509e-05	0.0185068	8.25074e-05
1.67216	23	0.955521	8.91045e-05	0.0186499	8.25318e-05
1.67241	24	0.955665	8.76535e-05	0.0184248	8.00416e-05
1.67123	25	0.954987	0.000102666	0.0187774	9.43572e-05
1.67074	26	0.954711	0.000112159	0.0189858	0.000103359
1.66987	27	0.954213	0.000112482	0.0192109	0.000103125
1.64933	0	0.916295	0.000274266	0.040014	0.000294288
1.68353	1	0.935296	0.00018512	0.0352068	0.000221927
1.68837	2	0.937981	0.000175881	0.0369583	0.000205794
1.68991	3	0.938841	0.00015811	0.0387287	0.000194181
1.68054	4	0.933634	0.000141529	0.0388022	0.000156367
1.62884	5	0.904909	0.000214336	0.0482362	0.000236692
1.59278	6	0.884876	0.000316098	0.0498492	0.000280069
1.67481	7	0.930448	0.000186122	0.0251789	0.000164131
1.69682	8	0.94268	0.000143581	0.0201704	0.00012846
1.70124	9	0.945132	0.000148653	0.0196108	0.000138237
1.70381	10	0.946563	0.000155403	0.0185727	0.000146802
1.70615	11	0.94786	0.000149422	0.0184916	0.000143382
1.70951	12	0.949729	0.000125894	0.0188199	0.000115437
1.71133	13	0.950738	0.000121285	0.0184729	0.000113636
1.71278	14	0.951544	0.000121692	0.0183924	0.000115201
1.71386	15	0.952142	0.000119327	0.0184633	0.000114504
1.71408	16	0.952267	0.00012363	0.0186635	0.000119962
1.71707	17	0.953926	0.000114598	0.0181935	0.000113034
1.71758	18	0.954209	0.000114468	0.0177708	0.000115911
1.71779	19	0.954328	9.49864e-05	0.0182773	8.46593e-05
1.71854	20	0.954746	9.45385e-05	0.0181345	8.61958e-05
1.71857	21	0.95476	9.53013e-05	0.018333	8.81147e-05
1.71876	22	0.954867	9.24375e-05	0.0188419	8.45765e-05
1.71889	23	0.954937	9.27217e-05	0.0184095	8.63901e-05
1.71921	24	0.955118	8.76208e-05	0.0185506	7.96807e-05
1.71772	25	0.954291	0.000104674	0.018851	9.52671e-05
1.71815	26	0.95453	0.000108422	0.0188484	9.89289e-05
1.71726	27	0.954033	0.000110771	0.019375	0.000102364
1.69494	0	0.916182	0.000263401	0.0441746	0.000304394
1.73174	1	0.936077	0.000170714	0.0349043	0.000206005
1.73492	2	0.937793	0.000172826	0.0358006	0.000195009
1.73424	3	0.937426	0.000161978	0.0376648	0.000188861
1.72683	4	0.93342	0.000165953	0.0384512	0.00020117
1.67396	5	0.904841	0.000240453	0.0461911	0.000280748
1.63751	6	0.88514	0.000318318	0.0487923	0.000287548
1.72006	7	0.92976	0.000185189	0.0248511	0.000160276
1.74255	8	0.941921	0.000152387	0.0204161	0.00013428
1.74727	9	0.944469	0.000152032	0.0197981	0.000141853
1.75197	10	0.947012	0.000127781	0.0193778	0.000111813
1.75351	11	0.947841	0.000129961	0.0189564	0.000114108
1.75602	12	0.949199	0.000123696	0.0188962	0.000112489
1.7574	13	0.949943	0.000121666	0.0186203	0.000109645
1.75959	14	0.951128	0.000123136	0.0188777	0.000114407
1.7611	15	0.951945	0.000120003	0.0185086	0.000115282
1.76293	16	0.952933	0.000113257	0.0183216	0.000110525
1.76353	17	0.953259	0.000116628	0.0182256	0.000112364
1.76475	18	0.953919	9.4061e-05	0.0184949	8.39603e-05
1.76555	19	0.95435	9.24713e-05	0.0179155	8.30435e-05
1.76632	20	0.95477	9.04348e-05	0.0183184	8.15024e-05
1.76614	21	0.954672	9.0451e-05	0.0187221	8.23101e-05
1.76643	22	0.954828	8.96845e-05	0.0186633	8.20125e-05
1.76657	23	0.9549	8.88318e-05	0.0186067	8.02975e-05
1.76625	24	0.954732	8.80853e-05	0.0187898	8.07678e-05
1.76543	25	0.954286	0.000103063	0.0188216	9.35173e-05
1.76512	26	0.954118	0.000106803	0.0191992	9.85179e-05
1.76425	27	0.953648	0.000111766	0.0190155	0.000101199
1.74193	0	0.916803	0.000290356	0.0391708	0.000341798
1.77571	1	0.934583	0.000174402	0.0336758	0.000197909
1.78131	2	0.93753	0.000163164	0.035955	0.00018403
1.78204	3	0.937915	0.000161399	0.0364893	0.000184969
1.77261	4	0.932953	0.000158717	0.0376946	0.000187313
1.71921	5	0.904848	0.000229688	0.0467816	0.000270394
1.68227	6	0.885406	0.000306226	0.0486603	0.000276355
1.7679	7	0.930475	0.000175496	0.0245788	0.000151427
1.78925	8	0.941711	0.000172793	0.0203983	0.00016989
1.79392	9	0.944169	0.000145515	0.0198826	0.000136138
1.79691	10	0.945743	0.000148765	0.019068	0.000136289
1.80054	11	0.947651	0.000127604	0.0189091	0.000113258
1.80205	12	0.948445	0.00012355	0.0188913	0.000110081
1.80528	13	0.950147	0.000119272	0.0188447	0.000109104
1.80704	14	0.951072	0.000118423	0.0183782	0.000111943
1.80783	15	0.951488	0.000120164	0.018886	0.00011695
1.81037	16	0.952829	0.00011068	0.0182839	0.000107264
1.81077	17	0.953039	0.000116889	0.018414	0.000113846
1.8114	18	0.95337	0.00011447	0.0186332	0.000114373
1.81295	19	0.954182	9.02843e-05	0.0181754	7.98126e-05
1.81317	20	0.954301	9.19407e-05	0.0188248	8.39258e-05
1.81335	21	0.954393	9.05323e-05	0.0186315	8.19058e-05
1.81335	22	0.954393	8.92217e-05	0.0180022	8.03098e-05
1.81327	23	0.954353	8.85195e-05	0.018678	8.04196e-05
1.81337	24	0.954403	8.80703e-05	0.0189385	8.03121e-05
1.81163	25	0.953491	0.000105461	0.0189337	9.48918e-05
1.81278	26	0.954095	0.000107394	0.018846	9.74457e-05
1.81174	27	0.953547	0.000108981	0.0188724	9.83916e-05
1.78552	0	0.915651	0.000295227	0.0413936	0.000353812
1.82241	1	0.934568	0.000164178	0.0355791	0.000192518
1.82565	2	0.936229	0.000212614	0.0328833	0.000246891
1.82838	3	0.93763	0.000187671	0.0357124	0.000238842
1.81741	4	0.932005	0.000160409	0.0368549	0.000182888
1.76304	5	0.904123	0.000220011	0.0445584	0.000245984
1.72388	6	0.884039	0.000318466	0.048622	0.000297906
1.81243	7	0.929449	0.000197274	0.0243579	0.000179781
1.83633	8	0.941707	0.00016515	0.0203206	0.000163071
1.83975	9	0.943463	0.000148219	0.021057	0.000140715
1.84319	10	0.945227	0.000152454	0.0201145	0.000146903
1.8461	11	0.946718	0.000151809	0.0188123	0.000145321
1.84725	12	0.947306	0.000126858	0.0193628	0.000113659
1.85174	13	0.949609	0.000116153	0.0188285	0.000106165
1.85332	14	0.950418	0.000116086	0.0188937	0.000107665
1.85547	15	0.951525	0.000116382	0.0194238	0.000112344
1.85651	16	0.952054	0.000110971	0.0181665	0.000105553
1.85782	17	0.952728	0.000110153	0.0181948	0.000106106
1.85877	18	0.953214	0.000109604	0.0185133	0.000108517
1.8596	19	0.953644	9.18357e-05	0.0183729	8.12651e-05
1.85976	20	0.953721	9.15398e-05	0.0183183	8.04799e-05
1.85998	21	0.953836	9.06927e-05	0.0184035	8.03732e-05
1.86011	22	0.953901	8.94494e-05	0.018526	7.94942e-05
1.86043	23	0.954068	8.81186e-05	0.0184535	7.81498e-05
1.86133	24	0.954526	8.5451e-05	0.0188447	7.85537e-05
1.85969	25	0.953687	0.000101238	0.0186243	9.0821e-05
1.85894	26	0.953302	0.000109355	0.0186276	9.72904e-05
1.85814	27	0.952892	0.000109277	0.0189222	9.71327e-05
1.82938	0	0.914691	0.000281455	0.0427722	0.000337265
1.86768	1	0.933841	0.000164098	0.0337892	0.000182666
1.874	2	0.937002	0.000177791	0.0372842	0.000228537
1.87187	3	0.935934	0.000192783	0.0351704	0.000234488
1.86407	4	0.932033	0.000152093	0.0370701	0.000173222
1.80292	5	0.901459	0.000256641	0.0453472	0.000304124
1.76462	6	0.88231	0.000318768	0.0480544	0.000284614
1.86012	7	0.930059	0.000193676	0.0243248	0.000178396
1.88099	8	0.940494	0.000144873	0.020309	0.000126916
1.88546	9	0.94273	0.00014612	0.0214414	0.000139657
1.89025	10	0.945124	0.000141201	0.0198193	0.000134168
1.89364	11	0.946818	0.00013755	0.0190422	0.00012982
1.89286	12	0.946431	0.000126602	0.0202509	0.000114193
1.89701	13	0.948507	0.000120171	0.0193935	0.000108697
1.90055	14	0.950276	0.000117187	0.0195803	0.000111251
1.90175	15	0.950876	0.000112598	0.0189223	0.000105087
1.90392	16	0.951959	0.000112792	0.0182062	0.000106949
1.90535	17	0.952677	0.000110042	0.0181982	0.000106132
1.90496	18	0.952481	0.00010982	0.0184233	0.000106445
1.90631	19	0.953156	9.15162e-05	0.0186812	8.12521e-05
1.9072	20	0.953601	0.000107228	0.0185202	0.000106557
1.90705	21	0.953527	9.07484e-05	0.0184954	8.05247e-05
1.90761	22	0.953806	8.88939e-05	0.0187519	7.99864e-05
1.90757	23	0.953786	8.66025e-05	0.0185122	7.68701e-05
1.90737	24	0.953683	8.61937e-05	0.0186531	7.73206e-05
1.90607	25	0.953035	0.00012418	0.0190561	0.000125277
1.90617	26	0.953087	0.000110603	0.0192171	9.97843e-05
1.90515	27	0.952575	0.000109714	0.0190319	9.79255e-05
1.86911	0	0.911762	0.000304641	0.0413938	0.000338627
1.91258	1	0.932967	0.000201794	0.0342511	0.000251009
1.91631	2	0.934784	0.000196214	0.0337231	0.000224266
1.91526	3	0.934275	0.000252288	0.0327031	0.000318759
1.90923	4	0.93133	0.000184299	0.03651	0.000230071
1.84125	5	0.898168	0.000252832	0.0449542	0.000282355
1.80523	6	0.880602	0.000322521	0.0486031	0.000287875
1.90569	7	0.929606	0.000191027	0.0239519	0.000172478
1.92677	8	0.939888	0.000145918	0.0205506	0.000127218
1.92975	9	0.941344	0.000148116	0.0218021	0.000138662
1.93632	10	0.944547	0.000144387	0.0206764	0.000138661
1.94	11	0.946343	0.000144092	0.0201792	0.000142865
1.93867	12	0.945694	0.000131214	0.0217767	0.0001225
1.9436	13	0.948098	0.000121621	0.019407	0.000110734
1.94669	14	0.949605	0.000113467	0.0199524	0.00010581
1.94853	15	0.950501	0.000114202	0.0192915	0.000108462
1.94978	16	0.951113	0.000110701	0.0184225	0.000104831
1.95217	17	0.95228	0.000105933	0.0186722	0.000104393
1.95263	18	0.952502	0.000105908	0.0188712	0.000105561
1.95232	19	0.952349	9.25713e-05	0.0187642	8.14566e-05
1.95306	20	0.952714	0.000106669	0.0185253	0.000104389
1.95437	21	0.95335	8.75768e-05	0.0184885	7.73502e-05
1.95448	22	0.953405	8.81502e-05	0.0188444	7.85837e-05
1.95496	23	0.953639	0.000105103	0.0186174	0.000104473
1.95451	24	0.953419	8.60268e-05	0.0187149	7.66851e-05
1.95327	25	0.952816	0.000102104	0.0187213	9.02637e-05
1.95341	26	0.952881	0.000107271	0.0187574	9.50536e-05
1.95179	27	0.952092	0.000109485	0.0192496	9.74009e-05
1.9098	0	0.909427	0.00029718	0.0438955	0.000329844
1.95637	1	0.931605	0.000192371	0.0344218	0.00023194
1.95822	2	0.932484	0.000198939	0.0352704	0.000223425
1.96012	3	0.933389	0.000188302	0.0356052	0.000215331
1.952	4	0.929522	0.000175319	0.0365786	0.000209609
1.88034	5	0.895398	0.000243796	0.048689	0.000275668
1.84277	6	0.877511	0.000327835	0.0512285	0.000289471
1.95126	7	0.929169	0.000188367	0.0240027	0.000171165
1.97245	8	0.939263	0.000158928	0.0211723	0.000152479
1.97466	9	0.940312	0.000147498	0.0221456	0.00013558
1.98044	10	0.943068	0.000138899	0.0223259	0.000123365
1.98627	11	0.945843	0.000143652	0.0206883	0.000144057
1.98534	12	0.945401	0.000130674	0.0225337	0.000123334
1.99009	13	0.94766	0.000121763	0.0204547	0.000111913
1.99259	14	0.948852	0.000117989	0.0207273	0.000112595
1.99435	15	0.949689	0.000113066	0.0196398	0.000103906
1.99648	16	0.950704	0.000109543	0.0189618	0.000101675
1.99697	17	0.950937	0.000106863	0.0188743	9.89995e-05
1.99767	18	0.951272	0.000105348	0.0191325	0.000100196
1.99808	19	0.951465	0.000109432	0.019265	0.000108553
1.99888	20	0.951849	0.000103523	0.0190969	9.87397e-05
2.00131	21	0.953005	0.000107481	0.0186868	0.000106244
2.00122	22	0.952961	8.78261e-05	0.0188238	7.80895e-05
2.00194	23	0.953303	8.67722e-05	0.0190255	7.79655e-05
2.00139	24	0.953043	8.64651e-05	0.0188862	7.68725e-05
2.00089	25	0.952806	0.000101792	0.0189827	9.0935e-05
2.00057	26	0.95265	0.00012134	0.0189474	0.000122125
1.99893	27	0.95187	0.000121353	0.0194754	0.000117986
1.94647	0	0.905337	0.000317738	0.0499618	0.000360765
1.99737	1	0.929011	0.000242539	0.032909	0.000305643
2.00174	2	0.931042	0.000235961	0.0344631	0.000284403
2.00306	3	0.931655	0.000236876	0.0361682	0.000300376
1.99629	4	0.928506	0.00017457	0.0357927	0.00020175
1.91553	5	0.890942	0.000280064	0.0502865	0.000324388
1.8823	6	0.875489	0.00032742	0.0545289	0.000292688
1.99841	7	0.929493	0.000185319	0.0240939	0.000168562
2.01765	8	0.938443	0.000164067	0.0221629	0.000161542
2.01827	9	0.938729	0.000159765	0.0245833	0.000153149
2.02803	10	0.943269	0.000149078	0.0220781	0.000144272
2.02941	11	0.943911	0.000148342	0.0213413	0.000143395
2.02999	12	0.944183	0.000135563	0.0229141	0.000128494
2.03508	13	0.946547	0.000124823	0.0204783	0.000112625
2.03634	14	0.947134	0.000121335	0.0207623	0.000112345
2.04056	15	0.949095	0.00011412	0.0203715	0.000108074
2.04306	16	0.950259	0.000107336	0.0189807	9.91828e-05
2.04331	17	0.950376	0.000109587	0.0197104	0.000105486
2.0439	18	0.950652	0.000101891	0.0202471	9.84305e-05
2.04352	19	0.950473	9.4464e-05	0.0201448	8.4115e-05
2.04416	20	0.950771	9.25625e-05	0.0200388	8.15508e-05
2.04852	21	0.952799	0.00010401	0.0187572	0.000103125
2.04647	22	0.951847	8.95555e-05	0.0190583	7.90776e-05
2.04811	23	0.952608	8.76563e-05	0.0186555	7.71318e-05
2.04857	24	0.952825	8.50507e-05	0.0187474	7.49331e-05
2.04853	25	0.952803	0.000115578	0.0188888	0.000115968
2.04659	26	0.951904	0.000109216	0.0193192	9.73394e-05
2.04559	27	0.951437	0.00011955	0.0191763	0.000118029
1.98859	0	0.903904	0.000311168	0.0483049	0.000336292
2.03951	1	0.927052	0.000232703	0.0347281	0.000287941
2.04493	2	0.929515	0.000225428	0.0350932	0.000263631
2.04577	3	0.929896	0.000229395	0.0365886	0.000279412
2.0379	4	0.926316	0.000173259	0.0378406	0.00019731
1.95382	5	0.8881	0.000271469	0.0533105	0.00031334
1.91585	6	0.870841	0.000340997	0.0560524	0.000294625
2.04186	7	0.92812	0.000187963	0.0238998	0.000167924
2.06223	8	0.937376	0.000172745	0.0229784	0.0001714
2.06215	9	0.93734	0.00015591	0.0264063	0.000146693
2.07199	10	0.941812	0.000150788	0.0235628	0.000146516
2.07561	11	0.943458	0.000144149	0.0211827	0.00013861
2.07464	12	0.943016	0.000143905	0.0242564	0.000137604
2.08043	13	0.945649	0.000124138	0.0218114	0.00011474
2.08144	14	0.946109	0.000123594	0.0221333	0.000115788
2.08624	15	0.94829	0.000114853	0.0210741	0.000107769
2.08843	16	0.949286	0.000109601	0.0196353	0.000102912
2.08775	17	0.948978	0.00011265	0.0207513	0.000107017
2.08718	18	0.94872	0.00011118	0.0210819	0.000107106
2.08871	19	0.949413	0.000109342	0.0205013	0.000106733
2.09029	20	0.95013	0.000102586	0.0209029	0.000101122
2.09548	21	0.952492	0.000102231	0.0187638	0.000101047
2.09381	22	0.95173	9.77896e-05	0.0196559	9.65245e-05
2.09459	23	0.952086	8.65596e-05	0.0188583	7.62746e-05
2.09496	24	0.952253	0.000101072	0.0188077	9.9449e-05
2.0953	25	0.952408	0.000115851	0.0186441	0.000113519
2.09363	26	0.951648	0.000118661	0.0190497	0.00011765
2.09111	27	0.950507	0.000119487	0.0197179	0.000115036
2.02628	0	0.900571	0.000323587	0.0547045	0.000368092
2.08043	1	0.924634	0.000229586	0.0358684	0.000273945
2.08409	2	0.926262	0.000278404	0.0352218	0.000345143
2.08781	3	0.927915	0.00027294	0.0340124	0.000337567
2.07973	4	0.924325	0.000175661	0.0384011	0.000193569
1.98839	5	0.883728	0.000247302	0.0589375	0.000268667
1.95309	6	0.868041	0.000350267	0.0600225	0.000322288
2.08999	7	0.928885	0.000176554	0.0238051	0.000159113
2.10722	8	0.936544	0.000163236	0.0233007	0.000158312
2.10698	9	0.936433	0.000170147	0.0265839	0.000166551
2.11749	10	0.941108	0.000154884	0.0241924	0.000153689
2.11925	11	0.941889	0.000137692	0.023405	0.000126246
2.11905	12	0.941801	0.000146579	0.0244223	0.000139983
2.12501	13	0.944449	0.000128346	0.022685	0.000119532
2.12574	14	0.944774	0.000126887	0.0230505	0.000120304
2.13191	15	0.947517	0.000115083	0.0217354	0.000109109
2.13359	16	0.94826	0.000108844	0.0204243	0.000101028
2.13224	17	0.947664	0.000105397	0.022547	9.68444e-05
2.13068	18	0.946968	0.000106401	0.0229725	9.77814e-05
2.13288	19	0.947946	0.00011035	0.0220019	0.000108206
2.13375	20	0.948332	9.69345e-05	0.0226662	8.85697e-05
2.14211	21	0.952048	0.000102689	0.0190141	0.000101958
2.1392	22	0.950753	0.000100533	0.0204845	0.000100601
2.14156	23	0.951806	9.98645e-05	0.0187453	9.71445e-05
2.14094	24	0.951528	8.70271e-05	0.0197165	7.71524e-05
2.14205	25	0.952021	0.000113171	0.0187047	0.000110597
2.13902	26	0.950676	0.000108324	0.0201224	9.68396e-05
2.13714	27	0.949838	0.000122204	0.0208754	0.000121807
2.06206	0	0.896549	0.00030253	0.0595337	0.00032721
2.12255	1	0.922846	0.000226106	0.0386928	0.000273166
2.12635	2	0.924501	0.00026434	0.0376056	0.000327513
2.1312	3	0.926607	0.00021086	0.0382486	0.000245005
2.1216	4	0.922433	0.000204255	0.0386805	0.00024339
2.02133	5	0.878839	0.000250531	0.0658656	0.00027896
1.98401	6	0.862611	0.000369068	0.066409	0.000337124
2.13485	7	0.928194	0.000175379	0.0237454	0.00015552
2.14868	8	0.934208	0.000179996	0.0255354	0.00017608
2.14936	9	0.934503	0.000174521	0.0304503	0.000181774
2.16074	10	0.939454	0.000153485	0.0254501	0.000145426
2.16401	11	0.940875	0.000145738	0.0249938	0.000135732
2.16259	12	0.940255	0.000153212	0.0260381	0.00014755
2.1686	13	0.94287	0.000137609	0.0241487	0.000130886
2.17021	14	0.943571	0.00013226	0.0261094	0.000133534
2.17561	15	0.945915	0.000121195	0.0226991	0.000115025
2.17897	16	0.947379	0.000114267	0.0215194	0.000109526
2.17645	17	0.946282	0.000110931	0.0239759	0.000104555
2.175	18	0.945653	0.000112058	0.0250526	0.000107229
2.17609	19	0.946124	0.000106436	0.0239793	9.99018e-05
2.17647	20	0.946293	0.000103749	0.0249848	9.99622e-05
2.1881	21	0.951348	0.000100974	0.0189579	9.83434e-05
2.18205	22	0.948717	9.49822e-05	0.0217882	8.55679e-05
2.1866	23	0.950696	8.71916e-05	0.0200808	7.70365e-05
2.18728	24	0.950993	8.59921e-05	0.0200193	7.67216e-05
2.18866	25	0.951592	0.000111671	0.0189074	0.000109351
2.18381	26	0.949482	0.000125454	0.0205535	0.000122541
2.18194	27	0.948668	0.000122064	0.0216377	0.000119036
