0.0196682	0	0.983412	0.00061007	0.0401886	0.000745489
0.0197776	1	0.988879	0.000399144	0.031633	0.000518507
0.0197631	2	0.988156	0.000469888	0.0304098	0.000579856
0.0197484	3	0.987422	0.000488367	0.0328818	0.000618381
0.0197186	4	0.98593	0.000389258	0.0328888	0.000478697
0.0196552	5	0.982762	0.000397453	0.0324721	0.000499504
0.0196151	6	0.980753	0.00052956	0.0401968	0.000506299
0.0196127	7	0.980637	0.000492362	0.0400982	0.000458289
0.0196921	8	0.984605	0.000429741	0.0370614	0.000426878
0.0196747	9	0.983736	0.000414046	0.0381072	0.000387921
0.0196854	10	0.98427	0.000407071	0.0359914	0.000390661
0.0196769	11	0.983845	0.000407076	0.0375548	0.000383736
0.0197075	12	0.985376	0.000371506	0.0355438	0.000353631
0.019691	13	0.984549	0.000364442	0.0357096	0.000338607
0.0197122	14	0.985608	0.000336703	0.0352921	0.000312844
0.0197385	15	0.986924	0.000342857	0.036209	0.000325455
0.0197277	16	0.986386	0.000334415	0.0359493	0.000315399
0.0197394	17	0.986971	0.00030863	0.0351754	0.000282319
0.0197313	18	0.986567	0.00030714	0.0354656	0.00028383
0.0197389	19	0.986947	0.00028807	0.0347476	0.00026479
0.019749	20	0.987449	0.000286828	0.0352453	0.000265881
0.0197433	21	0.987166	0.000283551	0.0364298	0.000258304
0.0197564	22	0.98782	0.000271386	0.0365922	0.00024307
0.019751	23	0.987548	0.000273501	0.0370092	0.000246088
0.0197586	24	0.987931	0.000277188	0.0367751	0.000254723
0.0197567	25	0.987833	0.000297497	0.0343986	0.000270681
0.0197304	26	0.986521	0.00032742	0.0351701	0.000300077
0.019742	27	0.9871	0.000330665	0.0356595	0.000307996
0.0294435	0	0.981451	0.000556282	0.0340661	0.000702912
0.0296519	1	0.988398	0.000374718	0.0286836	0.000494922
0.0296117	2	0.987057	0.000469379	0.0253748	0.000635792
0.0296008	3	0.986692	0.000381974	0.0256292	0.000460978
0.0295888	4	0.986294	0.000335121	0.0267427	0.000401236
0.029461	5	0.982034	0.000328568	0.0321707	0.000402931
0.0294198	6	0.980662	0.000459312	0.0347301	0.000455137
0.0294804	7	0.98268	0.000388467	0.0331223	0.000379628
0.0295353	8	0.984512	0.000338288	0.0308513	0.000322645
0.0295053	9	0.983512	0.000330245	0.0319721	0.000318299
0.0295419	10	0.984731	0.000335347	0.0320398	0.000327318
0.0295741	11	0.985804	0.000309405	0.0311371	0.000305247
0.0295333	12	0.984444	0.000308083	0.0320748	0.000289369
0.0295724	13	0.985747	0.000291395	0.0301981	0.000275248
0.029602	14	0.986732	0.000281933	0.0304623	0.000271183
0.0295856	15	0.986186	0.000282644	0.0315886	0.000262515
0.0295835	16	0.986116	0.000264346	0.0301883	0.00024419
0.0295945	17	0.986483	0.000250875	0.0303979	0.00023188
0.0296407	18	0.988024	0.000234823	0.0297916	0.000216675
0.0296193	19	0.987309	0.000241467	0.0300989	0.000220117
0.0296386	20	0.987955	0.000224318	0.0297285	0.000206189
0.0296517	21	0.988389	0.000227343	0.0304766	0.000212756
0.0296444	22	0.988145	0.000232304	0.0308449	0.000218531
0.0296467	23	0.988225	0.000221372	0.0312537	0.000200707
0.0296546	24	0.988486	0.000213239	0.0297382	0.000195009
0.0296373	25	0.987909	0.000247327	0.0297995	0.000226253
0.029625	26	0.987501	0.000262161	0.0297655	0.000238742
0.0296162	27	0.987206	0.000269924	0.0310415	0.000245367
0.0390854	0	0.977134	0.000525553	0.0345747	0.000621056
0.0394739	1	0.986848	0.0003268	0.0246336	0.000384584
0.0395116	2	0.987789	0.000341159	0.0249413	0.00041187
0.0395488	3	0.98872	0.000338779	0.0229741	0.000464228
0.0394186	4	0.985466	0.000333963	0.0243831	0.000427668
0.0392535	5	0.981338	0.000299905	0.0310092	0.000394664
0.0390388	6	0.975971	0.000435186	0.0357808	0.000423779
0.0392502	7	0.981255	0.000347921	0.0301053	0.000346635
0.0393211	8	0.983028	0.000303521	0.0301045	0.000304714
0.0393114	9	0.982785	0.000286622	0.0301629	0.000265742
0.0393119	10	0.982798	0.00029181	0.0299153	0.000271958
0.0393406	11	0.983516	0.000284597	0.0297244	0.000263917
0.0394125	12	0.985312	0.000263091	0.0297351	0.000250499
0.0393693	13	0.984234	0.00025152	0.028008	0.000229496
0.0394298	14	0.985744	0.000247489	0.0286179	0.000233564
0.0394973	15	0.987432	0.000230956	0.0282374	0.000219449
0.0394641	16	0.986604	0.000222371	0.0273043	0.000207595
0.0394669	17	0.986673	0.000221352	0.0281548	0.000206607
0.0395208	18	0.988021	0.00021107	0.0276816	0.000196272
0.0395034	19	0.987584	0.000204455	0.0275901	0.000190572
0.0395035	20	0.987587	0.000195109	0.027681	0.000181017
0.0395043	21	0.987608	0.00019337	0.0271623	0.000181985
0.0395124	22	0.98781	0.000191166	0.0267676	0.00017807
0.0395174	23	0.987936	0.000192696	0.0271531	0.00017997
0.0395162	24	0.987906	0.000185749	0.0267626	0.000172173
0.0395071	25	0.987677	0.000221132	0.0277997	0.000205142
0.0395075	26	0.987687	0.000230879	0.0278902	0.000214705
0.0394652	27	0.98663	0.000235972	0.0283627	0.000218398
0.0486985	0	0.97397	0.000510069	0.0351686	0.000622763
0.0494241	1	0.988482	0.000300143	0.0252051	0.000428336
0.0493991	2	0.987981	0.000294461	0.0228	0.000335445
0.049351	3	0.987021	0.000333177	0.0226424	0.000410802
0.0492684	4	0.985368	0.000279549	0.023418	0.000342968
0.0489381	5	0.978761	0.000257799	0.0345341	0.000307327
0.0486567	6	0.973133	0.000446535	0.0399922	0.000446946
0.0489495	7	0.978991	0.000325653	0.0331097	0.000328663
0.0490074	8	0.980149	0.000293995	0.0314493	0.000273538
0.0491068	9	0.982135	0.000269012	0.0283832	0.000254954
0.0491559	10	0.983119	0.000251744	0.0289355	0.00023392
0.0491798	11	0.983596	0.000249398	0.0284218	0.000243447
0.049192	12	0.98384	0.000248265	0.0290256	0.000246575
0.0492449	13	0.984898	0.000221748	0.0263613	0.00020802
0.0492711	14	0.985422	0.000218431	0.026752	0.000212007
0.0492491	15	0.984981	0.000208241	0.0273758	0.000189923
0.049274	16	0.98548	0.00021477	0.0258864	0.000204251
0.0493423	17	0.986847	0.00019693	0.0255577	0.00018946
0.0493064	18	0.986129	0.000188395	0.0263883	0.00017141
0.0493425	19	0.98685	0.000180039	0.0259144	0.000163921
0.0493917	20	0.987833	0.000176329	0.025171	0.000170936
0.0493342	21	0.986685	0.000174418	0.0258862	0.000157312
0.0493504	22	0.987008	0.000169933	0.0249052	0.000153142
0.0494091	23	0.988183	0.000164567	0.0258211	0.000150576
0.0493614	24	0.987229	0.000164733	0.0258889	0.000149938
0.0493365	25	0.986731	0.000186409	0.0247368	0.000167208
0.0493788	26	0.987576	0.000208373	0.0251328	0.000197048
0.0493652	27	0.987303	0.000203607	0.0255322	0.000195999
0.0582718	0	0.971197	0.000500024	0.0344493	0.000577348
0.0591216	1	0.98536	0.000268303	0.0236218	0.000331125
0.0591719	2	0.986198	0.000282104	0.0223381	0.00034107
0.059118	3	0.9853	0.000289766	0.0222503	0.000341127
0.0590767	4	0.984611	0.000235933	0.0232804	0.000278527
0.058518	5	0.9753	0.000261428	0.0312539	0.000298341
0.0582447	6	0.970745	0.000410141	0.0395436	0.000419024
0.0586604	7	0.977674	0.000296134	0.0307626	0.000285217
0.0588057	8	0.980094	0.000280656	0.0281759	0.000280499
0.058756	9	0.979266	0.000252776	0.0282761	0.00023346
0.0588147	10	0.980245	0.000241408	0.0278384	0.00022331
0.0588856	11	0.981426	0.000231654	0.0275677	0.000215679
0.0589719	12	0.982865	0.000226738	0.0264296	0.000230146
0.0589737	13	0.982896	0.000215301	0.0265047	0.00020102
0.0590037	14	0.983394	0.000208657	0.0254516	0.000192678
0.0590448	15	0.984079	0.000194321	0.026276	0.000182046
0.0590598	16	0.98433	0.000193019	0.0251773	0.000179273
0.059122	17	0.985368	0.000181191	0.0249355	0.000168982
0.0590821	18	0.984702	0.000173914	0.0246975	0.000159699
0.0591582	19	0.98597	0.00016662	0.024701	0.000155529
0.0591787	20	0.986311	0.000159801	0.02467	0.000149668
0.0592452	21	0.98742	0.000160717	0.0247653	0.00015311
0.0592065	22	0.986774	0.000158699	0.0239394	0.000149465
0.0592289	23	0.987148	0.000149465	0.0241956	0.000132254
0.0592265	24	0.987108	0.000155596	0.0245196	0.000145412
0.0592173	25	0.986954	0.000177847	0.0249868	0.000171151
0.0592164	26	0.986939	0.000180783	0.0232898	0.000167202
0.0591687	27	0.986145	0.000187272	0.0246871	0.000175957
0.0680336	0	0.971909	0.000458732	0.0324977	0.00056047
0.0688811	1	0.984016	0.000233628	0.0222591	0.000262702
0.0689985	2	0.985693	0.000288779	0.0194716	0.000374898
0.069033	3	0.986185	0.000286822	0.0234718	0.000430707
0.0687543	4	0.982205	0.000259495	0.0227941	0.000324736
0.0680594	5	0.972277	0.000255779	0.0327489	0.000282586
0.0676061	6	0.965802	0.000419473	0.0399146	0.000409495
0.0682939	7	0.975627	0.00030329	0.0303338	0.000297672
0.0684287	8	0.977553	0.000248621	0.0290919	0.000243612
0.0684555	9	0.977935	0.000234947	0.0283327	0.000227568
0.0685268	10	0.978954	0.000226945	0.0285276	0.000210584
0.0685641	11	0.979488	0.000227165	0.0267432	0.00021761
0.0687194	12	0.981706	0.000203124	0.0258139	0.000199246
0.0687283	13	0.981833	0.000202416	0.0256674	0.000196952
0.0687965	14	0.982808	0.000190492	0.0254934	0.00018786
0.0688183	15	0.983118	0.000180303	0.0255455	0.000164903
0.0688955	16	0.984222	0.000172021	0.024167	0.000169056
0.0688999	17	0.984284	0.000170499	0.0237217	0.000165232
0.0689563	18	0.985091	0.000158815	0.0239063	0.000157068
0.0689506	19	0.985008	0.00015664	0.0236647	0.000152844
0.0689674	20	0.985249	0.000148331	0.0232066	0.000143145
0.0689725	21	0.985321	0.000148393	0.0240454	0.0001358
0.0689797	22	0.985425	0.000142714	0.0238431	0.000130059
0.0690001	23	0.985715	0.000143624	0.0233766	0.000131177
0.0689818	24	0.985454	0.000139326	0.0234889	0.000125651
0.0689428	25	0.984897	0.000164985	0.024052	0.00014878
0.0689232	26	0.984617	0.000171184	0.0228061	0.00015313
0.0689331	27	0.984759	0.000166116	0.023981	0.000151671
0.0773372	0	0.966715	0.000444513	0.0367979	0.000522126
0.0786032	1	0.982541	0.000271078	0.0235256	0.000351107
0.0787471	2	0.984339	0.000241527	0.0220656	0.00027194
0.0787331	3	0.984164	0.000255823	0.0223362	0.000342719
0.0786131	4	0.982664	0.000195727	0.0231223	0.000250141
0.0776252	5	0.970315	0.000234141	0.0350104	0.000258416
0.0769339	6	0.961674	0.000418479	0.0439259	0.000423817
0.0777752	7	0.97219	0.000285607	0.0298889	0.000266661
0.0780546	8	0.975682	0.000235212	0.0287983	0.000227687
0.0781211	9	0.976514	0.000227629	0.0271975	0.000216121
0.0782286	10	0.977858	0.000223662	0.0277207	0.000213671
0.0782941	11	0.978676	0.000208634	0.026654	0.000197647
0.0783703	12	0.979628	0.000198867	0.0259842	0.000186976
0.0784184	13	0.98023	0.000189791	0.0260733	0.000179594
0.0784652	14	0.980815	0.000180626	0.0250529	0.000170285
0.0785818	15	0.982273	0.000169957	0.0246097	0.000162321
0.0786036	16	0.982545	0.000166716	0.024715	0.000161139
0.0786198	17	0.982747	0.000156829	0.0232776	0.000147267
0.0786959	18	0.983699	0.000150764	0.0235264	0.000144671
0.0786427	19	0.983034	0.000152722	0.0235034	0.00014367
0.0787429	20	0.984287	0.000142789	0.0231879	0.00013715
0.0787674	21	0.984593	0.000143187	0.0233255	0.00013704
0.0787763	22	0.984704	0.000134446	0.0229445	0.000127209
0.0788268	23	0.985335	0.000133349	0.0224874	0.000129415
0.0787777	24	0.984721	0.000136054	0.0223123	0.000130386
0.0787566	25	0.984457	0.000159633	0.0235047	0.000153152
0.0787243	26	0.984053	0.000166912	0.023291	0.000159269
0.0787333	27	0.984166	0.000162613	0.0236475	0.000158109
0.0870105	0	0.966784	0.000428014	0.0381679	0.000522271
0.0883272	1	0.981413	0.000242229	0.0241987	0.000311576
0.0885446	2	0.983829	0.000246811	0.0216016	0.000316685
0.0883619	3	0.981798	0.000223738	0.0230634	0.000240671
0.0882795	4	0.980884	0.000223892	0.0260692	0.00029952
0.0873118	5	0.970131	0.000234879	0.0366365	0.000294862
0.0864566	6	0.960629	0.000402801	0.0434523	0.000414519
0.0876235	7	0.973595	0.000271913	0.0299027	0.000273285
0.0877487	8	0.974986	0.00023231	0.0285867	0.000233517
0.0877449	9	0.974943	0.000224978	0.027799	0.000207885
0.0879334	10	0.977038	0.000223782	0.0262646	0.000222376
0.0880329	11	0.978144	0.000199588	0.0271117	0.000189034
0.0880959	12	0.978843	0.000188768	0.0258187	0.000175571
0.0881396	13	0.979329	0.000185996	0.0248055	0.000172802
0.0881933	14	0.979926	0.000173082	0.0242236	0.000158808
0.0882672	15	0.980746	0.000168524	0.0244343	0.00015668
0.0883354	16	0.981504	0.000157463	0.02343	0.000146024
0.0883769	17	0.981966	0.000153638	0.0239121	0.000142147
0.0883741	18	0.981934	0.000149044	0.0235002	0.000140039
0.0884242	19	0.982491	0.000143365	0.0232329	0.000134574
0.0884555	20	0.982838	0.00013673	0.022868	0.000126806
0.0884562	21	0.982846	0.000132373	0.0223961	0.000120689
0.0885449	22	0.983832	0.000127582	0.0226594	0.000119734
0.0885323	23	0.983692	0.000126823	0.0220548	0.000118729
0.0885418	24	0.983798	0.000123648	0.0223183	0.000113633
0.0885147	25	0.983497	0.000142995	0.0219834	0.000133434
0.0885202	26	0.983558	0.000149477	0.0218017	0.000137534
0.0884223	27	0.98247	0.000156895	0.0227975	0.000144929
0.0964908	0	0.964908	0.000464267	0.0361585	0.000577262
0.0981778	1	0.981778	0.000230789	0.0231446	0.000288588
0.0983905	2	0.983905	0.000236718	0.0214235	0.000301276
0.0982516	3	0.982516	0.000244005	0.0218592	0.000302653
0.0980674	4	0.980674	0.000202577	0.0245188	0.000253
0.09678	5	0.9678	0.000247521	0.0349706	0.000286027
0.0956732	6	0.956732	0.000431206	0.0447403	0.000423114
0.0971978	7	0.971978	0.000265096	0.0320063	0.000274884
0.0974808	8	0.974808	0.000221614	0.0281067	0.000219403
0.0974556	9	0.974556	0.000209832	0.0270564	0.000192974
0.0976595	10	0.976595	0.000211824	0.027089	0.000210696
0.0976667	11	0.976667	0.000195718	0.0267281	0.000181134
0.0977439	12	0.977439	0.000190867	0.0264483	0.000179966
0.0978233	13	0.978233	0.000178938	0.0258437	0.000167088
0.0979673	14	0.979673	0.000165921	0.0241998	0.000153181
0.0979768	15	0.979768	0.000163087	0.0241149	0.000148734
0.098038	16	0.98038	0.000153526	0.0238287	0.000140364
0.0980997	17	0.980997	0.000150084	0.0239414	0.0001379
0.0981992	18	0.981992	0.000138048	0.0226619	0.000125847
0.09823	19	0.9823	0.000135164	0.0230283	0.000125827
0.0982519	20	0.982519	0.00012892	0.0225783	0.000119751
0.0982104	21	0.982104	0.000127587	0.0221843	0.000114985
0.0982829	22	0.982829	0.000125289	0.0225285	0.000115629
0.0982984	23	0.982984	0.000123385	0.0220345	0.000114199
0.0983257	24	0.983257	0.000118572	0.0216824	0.000109411
0.0982289	25	0.982289	0.000139036	0.0224039	0.000126082
0.0982924	26	0.982924	0.000146425	0.0228745	0.000138225
0.0981863	27	0.981863	0.000150902	0.0223495	0.000134987
0.143918	0	0.959455	0.000356654	0.0384922	0.000410635
0.146564	1	0.977096	0.000189932	0.023848	0.000207735
0.147116	2	0.980776	0.000189599	0.0231717	0.000225638
0.146795	3	0.978632	0.000202422	0.0234713	0.000227299
0.14645	4	0.976335	0.000197766	0.0249435	0.000255244
0.14418	5	0.9612	0.000241584	0.0367257	0.00027844
0.142008	6	0.946722	0.000422514	0.052228	0.000434522
0.144917	7	0.966112	0.000255013	0.0306755	0.000237946
0.145492	8	0.969945	0.000212974	0.0288871	0.000199541
0.145637	9	0.970911	0.000195297	0.0266125	0.000178685
0.1459	10	0.972669	0.000191073	0.024996	0.000170621
0.146097	11	0.973983	0.000187097	0.0251374	0.000182259
0.146334	12	0.975557	0.000175477	0.0246698	0.000178167
0.146191	13	0.974608	0.000167779	0.0244064	0.000153037
0.146498	14	0.976655	0.000150013	0.0230841	0.000137486
0.146693	15	0.977956	0.00014257	0.0228584	0.000133759
0.146658	16	0.977718	0.000135811	0.0225603	0.000124266
0.14687	17	0.979136	0.000127452	0.0224832	0.000119328
0.146888	18	0.979251	0.00012595	0.0225902	0.000118827
0.146893	19	0.979288	0.000122122	0.0217623	0.000113804
0.146957	20	0.979711	0.000119437	0.0216642	0.000111263
0.147061	21	0.980404	0.000112233	0.0212053	0.000104458
0.147041	22	0.980272	0.000111869	0.0210174	0.00010455
0.147	23	0.979998	0.000112218	0.0208236	0.000103926
0.14707	24	0.980468	0.000107674	0.021448	0.000101142
0.146981	25	0.979874	0.000121396	0.0213902	0.000112127
0.146955	26	0.9797	0.000133212	0.0212357	0.000122886
0.146972	27	0.97981	0.000133801	0.0215428	0.000124183
0.190791	0	0.953957	0.000452263	0.034111	0.000527975
0.194844	1	0.974219	0.000192495	0.0252933	0.000232303
0.195417	2	0.977086	0.000219317	0.0243367	0.000283603
0.195568	3	0.977841	0.000194658	0.0255812	0.000269992
0.194456	4	0.972281	0.000259952	0.0246219	0.000344897
0.191158	5	0.955792	0.000255841	0.0398221	0.000308149
0.187666	6	0.93833	0.000430789	0.0557091	0.000442578
0.192507	7	0.962534	0.000241355	0.0313848	0.000231028
0.193412	8	0.967062	0.000198279	0.0287088	0.000192642
0.193749	9	0.968745	0.000186912	0.0270894	0.000173985
0.193994	10	0.969971	0.000183959	0.0259342	0.00017276
0.194163	11	0.970815	0.000175962	0.0249117	0.000162492
0.194481	12	0.972407	0.000161452	0.0236295	0.000149323
0.194678	13	0.973392	0.000152071	0.0241395	0.000143428
0.194964	14	0.97482	0.000144911	0.0236232	0.000140524
0.195078	15	0.975392	0.000136145	0.0228889	0.000130457
0.195191	16	0.975957	0.000131352	0.0219975	0.000124431
0.195246	17	0.976229	0.00013049	0.0218983	0.000123817
0.195488	18	0.97744	0.000116837	0.0217559	0.000113684
0.195602	19	0.978012	0.000116923	0.0215327	0.000116546
0.195666	20	0.978332	0.000112547	0.0215357	0.000113069
0.195652	21	0.978262	0.000109771	0.0211776	0.000107882
0.195781	22	0.978904	0.000103735	0.0210276	0.000102411
0.195772	23	0.978861	0.000105736	0.0211166	0.000104976
0.195771	24	0.978857	0.000101862	0.0211843	0.000102253
0.195711	25	0.978553	0.000116584	0.0212756	0.000116394
0.195778	26	0.978888	0.000123086	0.0213179	0.000124438
0.195589	27	0.977943	0.000127175	0.021296	0.000125134
0.238285	0	0.953141	0.00048413	0.0338918	0.000618083
0.242814	1	0.971257	0.000230874	0.0251985	0.000302554
0.24374	2	0.974959	0.000193728	0.0230991	0.000223878
0.243239	3	0.972955	0.000280264	0.0220303	0.000355921
0.242421	4	0.969686	0.000215793	0.0272357	0.000279916
0.238104	5	0.952417	0.000275086	0.0388852	0.000338512
0.233224	6	0.932897	0.000428438	0.0611725	0.000475131
0.239548	7	0.95819	0.000240779	0.0321915	0.00022685
0.24106	8	0.96424	0.000193719	0.0275234	0.000184595
0.241535	9	0.966141	0.000180108	0.0266371	0.000172172
0.24213	10	0.968521	0.000178208	0.0255341	0.000175792
0.242365	11	0.96946	0.000176465	0.024785	0.000175326
0.242584	12	0.970336	0.000165836	0.0242604	0.000164106
0.242841	13	0.971363	0.000155417	0.0236248	0.000152346
0.243061	14	0.972244	0.000137155	0.0233543	0.000128162
0.243364	15	0.973456	0.000142009	0.0226048	0.000144236
0.24338	16	0.973518	0.000125157	0.0221434	0.00011562
0.243784	17	0.975136	0.000126033	0.0211259	0.000127751
0.24376	18	0.975039	0.000115088	0.0220516	0.000108767
0.24386	19	0.975439	0.00010839	0.0218321	0.000103316
0.243916	20	0.975665	0.000106794	0.0213111	9.8791e-05
0.243971	21	0.975886	0.000104659	0.0213566	9.96044e-05
0.244022	22	0.976086	0.000101463	0.0211825	9.67624e-05
0.244078	23	0.976312	0.000100112	0.0209446	9.38353e-05
0.244125	24	0.976499	9.83866e-05	0.0209374	9.34587e-05
0.243791	25	0.975165	0.000118849	0.020946	0.000109161
0.243912	26	0.975646	0.000121511	0.0218524	0.000114422
0.244007	27	0.976026	0.000133119	0.021597	0.000140605
0.284807	0	0.949358	0.000389664	0.0357134	0.000463303
0.290716	1	0.969054	0.000195331	0.0260232	0.000239441
0.291653	2	0.972178	0.000230442	0.0228728	0.000284608
0.29153	3	0.971768	0.000232582	0.0250419	0.00030682
0.290408	4	0.968027	0.000190346	0.0267828	0.000231716
0.284251	5	0.947504	0.000245719	0.0417796	0.000286156
0.278024	6	0.926748	0.000419273	0.0649613	0.000468054
0.286772	7	0.955907	0.000232848	0.0344976	0.000234386
0.288347	8	0.961156	0.000195297	0.0278125	0.000177977
0.289167	9	0.96389	0.000178679	0.0268234	0.000168393
0.289653	10	0.96551	0.000170856	0.0262915	0.00016352
0.29013	11	0.967098	0.000189115	0.0245083	0.000197403
0.290339	12	0.967797	0.00016006	0.0245431	0.000153584
0.290852	13	0.969507	0.000148014	0.0240214	0.00014343
0.291137	14	0.970456	0.000137911	0.0236986	0.000134745
0.291351	15	0.971169	0.00013104	0.0230192	0.000129227
0.291614	16	0.972047	0.000124983	0.0234334	0.00012752
0.291896	17	0.972987	0.000119499	0.0227836	0.000121481
0.291919	18	0.973064	0.000124062	0.0222636	0.000126281
0.292094	19	0.973646	0.000116414	0.0216095	0.000116519
0.292344	20	0.974481	0.000108324	0.0217472	0.000111727
0.292279	21	0.974262	0.000108507	0.0215931	0.000110762
0.292383	22	0.974609	0.000106985	0.0217093	0.000109568
0.292511	23	0.975035	0.000104492	0.0219091	0.000110034
0.292385	24	0.974617	0.00010157	0.0219271	0.000105657
0.292311	25	0.974369	0.000116767	0.0213915	0.000118786
0.29211	26	0.9737	0.000119583	0.0217798	0.000112932
0.292119	27	0.973729	0.000126351	0.0218171	0.000128008
0.33128	0	0.946516	0.000426616	0.0349192	0.000528103
0.338398	1	0.966852	0.000183158	0.0264444	0.000212532
0.339645	2	0.970415	0.000210004	0.0241216	0.000254943
0.339669	3	0.970484	0.00018832	0.0257321	0.000238515
0.337808	4	0.965166	0.000232756	0.0265187	0.000300095
0.331163	5	0.946179	0.0002608	0.0411626	0.000324805
0.322726	6	0.922074	0.000422525	0.0633929	0.000455074
0.333501	7	0.952859	0.000229675	0.0339694	0.000220241
0.33593	8	0.959799	0.000191444	0.0283439	0.000186739
0.336836	9	0.96239	0.000181332	0.0270195	0.000181443
0.337391	10	0.963975	0.00018119	0.0252864	0.000179894
0.337743	11	0.96498	0.000174232	0.0253815	0.000177994
0.338254	12	0.966439	0.000169657	0.0245051	0.000170481
0.338758	13	0.967881	0.000153723	0.0231249	0.000155038
0.338883	14	0.968239	0.000135803	0.0229794	0.000127405
0.339311	15	0.969461	0.000127196	0.0231229	0.000122349
0.339573	16	0.970208	0.000121484	0.0230629	0.000118286
0.339767	17	0.970764	0.000120064	0.022134	0.00011586
0.339984	18	0.971382	0.000111478	0.0220847	0.000108756
0.340159	19	0.971883	0.000110624	0.0221584	0.000109635
0.340184	20	0.971954	0.000108946	0.0218693	0.000106589
0.34042	21	0.97263	0.000101874	0.0220421	0.000101981
0.340506	22	0.972873	0.000100388	0.0216285	9.94241e-05
0.340555	23	0.973013	9.91156e-05	0.0218528	9.89338e-05
0.340367	24	0.972476	9.80539e-05	0.0221959	9.79407e-05
0.340189	25	0.971967	0.000115466	0.0224069	0.000114585
0.340249	26	0.97214	0.000121578	0.0225247	0.000122147
0.340189	27	0.971969	0.000120665	0.0222892	0.000120201
0.377504	0	0.943759	0.000343372	0.0363494	0.000366951
0.386122	1	0.965304	0.000206625	0.0255134	0.000257898
0.387268	2	0.968169	0.000250159	0.0239472	0.000330711
0.386964	3	0.967409	0.000185132	0.0256695	0.000212345
0.385323	4	0.963308	0.000201904	0.0260137	0.000242014
0.376276	5	0.940691	0.000250976	0.0463735	0.000306274
0.367021	6	0.917553	0.000418415	0.0686675	0.000471919
0.380635	7	0.951588	0.000223959	0.0343288	0.000213873
0.383283	8	0.958208	0.000185875	0.0277981	0.000170781
0.383897	9	0.959742	0.000184119	0.0261496	0.000172282
0.384937	10	0.962342	0.000170985	0.025448	0.000164443
0.385086	11	0.962715	0.00017233	0.0246207	0.000164106
0.386037	12	0.965092	0.000155797	0.0246844	0.000155463
0.386475	13	0.966186	0.00014718	0.0241287	0.000149845
0.386636	14	0.966589	0.000147854	0.0239276	0.00014984
0.387157	15	0.967893	0.000138507	0.0232118	0.000141843
0.38753	16	0.968826	0.000133907	0.0230578	0.00014128
0.387754	17	0.969385	0.000128894	0.0224633	0.000135085
0.387768	18	0.969421	0.000109747	0.0225446	0.000103858
0.387886	19	0.969715	0.000108532	0.0217456	0.000101817
0.38815	20	0.970375	0.000102925	0.0219168	9.81236e-05
0.388257	21	0.970644	0.000102285	0.0219084	9.82803e-05
0.388235	22	0.970588	0.000100646	0.0222506	9.70572e-05
0.388392	23	0.970981	9.81136e-05	0.0218681	9.40353e-05
0.388527	24	0.971318	9.42577e-05	0.0223276	9.28033e-05
0.388247	25	0.970618	0.000112272	0.0224521	0.000109078
0.388361	26	0.970902	0.000132988	0.0219001	0.000145271
0.387983	27	0.969958	0.000140913	0.0220776	0.0001512
0.423951	0	0.942114	0.000445437	0.0337935	0.000543135
0.433374	1	0.963053	0.000243383	0.0251434	0.000332929
0.435201	2	0.967114	0.000210121	0.0251489	0.000277448
0.434913	3	0.966473	0.000204604	0.0235154	0.00025163
0.432458	4	0.961017	0.000184997	0.0280136	0.00021777
0.422196	5	0.938214	0.000243534	0.0453643	0.000279189
0.412226	6	0.916058	0.000405209	0.0691693	0.000479207
0.427146	7	0.949214	0.000220619	0.034712	0.000207468
0.430238	8	0.956085	0.000198572	0.0270659	0.000192152
0.431938	9	0.959863	0.000187014	0.0258686	0.000191353
0.431972	10	0.959938	0.000190559	0.0254855	0.000195747
0.432828	11	0.96184	0.000164014	0.0250335	0.000157378
0.433679	12	0.963732	0.0001485	0.0245256	0.000143728
0.434073	13	0.964607	0.000140861	0.0235854	0.000137008
0.434421	14	0.96538	0.000135207	0.0231273	0.000130153
0.434689	15	0.965975	0.000135197	0.0237931	0.000134428
0.434938	16	0.966528	0.000129006	0.022631	0.000127629
0.435533	17	0.967851	0.000125474	0.0227458	0.000128514
0.435777	18	0.968392	0.000119521	0.0226021	0.000122745
0.436003	19	0.968894	0.000114187	0.0227118	0.000119565
0.436032	20	0.968959	0.000115248	0.0226853	0.000120546
0.43647	21	0.969933	0.000108515	0.0216908	0.0001139
0.436373	22	0.969718	9.5017e-05	0.0218232	9.00859e-05
0.436398	23	0.969773	0.000105913	0.0217259	0.000111106
0.436469	24	0.969932	0.000104348	0.0224109	0.000112989
0.436133	25	0.969184	0.000123885	0.0220694	0.000129867
0.436168	26	0.969263	0.000131982	0.022701	0.000138966
0.435975	27	0.968834	0.00012799	0.0231668	0.000135563
0.470234	0	0.940468	0.00039005	0.0328862	0.000449346
0.480938	1	0.961875	0.000224467	0.0249968	0.000295335
0.482966	2	0.965932	0.000186734	0.028265	0.000257531
0.482116	3	0.964231	0.00021124	0.0261339	0.00025978
0.4797	4	0.959401	0.000227802	0.025904	0.000282136
0.467685	5	0.93537	0.000222313	0.0472134	0.000248822
0.455226	6	0.910452	0.000413778	0.0709168	0.000458976
0.473792	7	0.947584	0.000212449	0.0343505	0.000200341
0.477815	8	0.95563	0.000182501	0.0268403	0.000175246
0.478294	9	0.956588	0.000183821	0.0256231	0.000175729
0.479306	10	0.958611	0.000178156	0.0247318	0.000171321
0.480087	11	0.960174	0.00016941	0.0239607	0.000166326
0.481001	12	0.962002	0.000159434	0.0239244	0.000162595
0.481321	13	0.962642	0.000161394	0.0237704	0.000168473
0.481905	14	0.96381	0.000155237	0.0228374	0.000161141
0.482154	15	0.964309	0.000129381	0.0227988	0.000123879
0.48276	16	0.96552	0.0001218	0.0229999	0.000117564
0.482967	17	0.965935	0.000119856	0.0225125	0.000116364
0.483446	18	0.966892	0.000112784	0.0223444	0.0001104
0.483462	19	0.966924	0.000113055	0.0227147	0.000113647
0.483779	20	0.967557	0.00011068	0.0223389	0.000110713
0.48404	21	0.96808	0.000106601	0.0218274	0.000107587
0.484046	22	0.968092	0.000105367	0.0218185	0.000106181
0.483949	23	0.967898	0.000106664	0.0222101	0.000108751
0.484209	24	0.968417	0.000100905	0.0219031	0.000103362
0.483884	25	0.967768	0.000119459	0.0225174	0.000120528
0.483845	26	0.96769	0.000124798	0.0227011	0.000126118
0.483547	27	0.967095	0.000128452	0.0225293	0.000128151
0.516471	0	0.939038	0.000372118	0.0378387	0.000455838
0.527826	1	0.959683	0.000167655	0.0262578	0.000180761
0.529725	2	0.963136	0.000197839	0.0259818	0.000235519
0.529628	3	0.96296	0.000192282	0.025561	0.000223509
0.526707	4	0.95765	0.000208299	0.0253956	0.000241249
0.512512	5	0.931841	0.000209663	0.0494413	0.000230929
0.499184	6	0.907606	0.000408462	0.0709728	0.000465577
0.520189	7	0.945798	0.000219374	0.0337639	0.000207692
0.524377	8	0.953412	0.000203804	0.0261727	0.00020215
0.525499	9	0.955453	0.00019778	0.024637	0.000198022
0.52675	10	0.957727	0.000167226	0.0260397	0.00016556
0.527353	11	0.958824	0.000162525	0.0248843	0.000159931
0.527796	12	0.959628	0.000161441	0.0240966	0.000157596
0.528818	13	0.961488	0.00014715	0.0232033	0.000147673
0.529631	14	0.962966	0.000138805	0.0234624	0.000144791
0.529621	15	0.962947	0.000142519	0.0233833	0.000148774
0.530371	16	0.964312	0.000133964	0.022431	0.000141634
0.530833	17	0.965151	0.000128721	0.0228079	0.000140966
0.530828	18	0.965142	0.000109474	0.0228037	0.000106038
0.531181	19	0.965783	0.000106036	0.0225015	0.000103671
0.531237	20	0.965885	0.000103456	0.0223109	9.96865e-05
0.531676	21	0.966684	0.000100676	0.0226606	9.99527e-05
0.531852	22	0.967004	9.54837e-05	0.0214979	9.32003e-05
0.531832	23	0.966968	9.83556e-05	0.0217641	9.64209e-05
0.531515	24	0.96639	9.84428e-05	0.0220052	9.48298e-05
0.531425	25	0.966228	0.000113851	0.0229087	0.000112857
0.531258	26	0.965924	0.000123799	0.0221913	0.000119486
0.531094	27	0.965626	0.000120722	0.0230348	0.000118663
0.562396	0	0.937326	0.000328057	0.0375093	0.000383934
0.574292	1	0.957153	0.00020572	0.0275386	0.000246721
0.576751	2	0.961252	0.000257813	0.0239578	0.000321527
0.576034	3	0.960056	0.000191056	0.025745	0.000206561
0.573528	4	0.95588	0.000191846	0.0272379	0.000218789
0.557869	5	0.929782	0.000227581	0.0484242	0.000258615
0.5428	6	0.904667	0.00040022	0.0716338	0.000452764
0.566283	7	0.943805	0.000219572	0.0335909	0.000202451
0.571364	8	0.952274	0.000188708	0.0265713	0.000183895
0.572186	9	0.953643	0.000190689	0.0255993	0.000185733
0.573809	10	0.956348	0.000190908	0.0247458	0.000195823
0.574806	11	0.95801	0.000181308	0.0234492	0.000187238
0.575351	12	0.958919	0.000150719	0.0241215	0.000145725
0.575839	13	0.959731	0.000141814	0.0238036	0.000137563
0.576759	14	0.961264	0.000133931	0.0236628	0.000136062
0.577513	15	0.962522	0.000132931	0.0234407	0.000137394
0.577497	16	0.962494	0.000129656	0.0221577	0.00013041
0.577968	17	0.963281	0.000124322	0.0227941	0.00012954
0.5786	18	0.964334	0.000118399	0.0217773	0.000122828
0.578712	19	0.96452	0.000117179	0.0223763	0.000124135
0.578951	20	0.964919	0.000115443	0.0223112	0.000123422
0.579021	21	0.965034	0.000116662	0.0221614	0.000124216
0.579171	22	0.965285	0.0001137	0.0220273	0.000121724
0.579451	23	0.965751	9.3211e-05	0.0220853	8.88749e-05
0.579422	24	0.965703	0.000114696	0.0217305	0.000125249
0.579558	25	0.965929	0.000128593	0.0224165	0.000141989
0.57896	26	0.964933	0.000137464	0.0228727	0.000150077
0.578707	27	0.964512	0.000136337	0.0230193	0.00014841
0.606517	0	0.933103	0.000305154	0.0392595	0.000317115
0.621991	1	0.956909	0.000177285	0.028071	0.00021351
0.623659	2	0.959475	0.00021559	0.0273117	0.000276665
0.624157	3	0.960241	0.000199911	0.0262211	0.000253126
0.620855	4	0.955161	0.000227244	0.0271123	0.000296311
0.602796	5	0.927379	0.000213374	0.0530765	0.000250376
0.58769	6	0.904139	0.000380946	0.0666134	0.000414315
0.612896	7	0.942917	0.000218985	0.0329214	0.000207873
0.617902	8	0.950619	0.00018778	0.025693	0.000176995
0.619672	9	0.953341	0.000183451	0.0255083	0.000183686
0.620831	10	0.955125	0.000182669	0.0245334	0.000183185
0.621914	11	0.95679	0.000169876	0.0242369	0.00017651
0.622755	12	0.958085	0.000144745	0.0246739	0.000140488
0.623129	13	0.95866	0.000166031	0.0234272	0.000172631
0.623544	14	0.959299	0.00013975	0.0223412	0.000130948
0.624588	15	0.960905	0.000130726	0.0229901	0.000129297
0.625149	16	0.961767	0.000123084	0.0228805	0.000122869
0.625681	17	0.962586	0.000119197	0.0224207	0.000120764
0.625604	18	0.962467	0.000118865	0.021934	0.000118483
0.626227	19	0.963426	0.000113365	0.0227677	0.000118496
0.626625	20	0.964039	0.000110982	0.0220291	0.000115417
0.62659	21	0.963985	0.000110343	0.0225625	0.000116339
0.626636	22	0.964055	0.00010911	0.0218017	0.000112221
0.626832	23	0.964357	0.000106839	0.0224579	0.000113314
0.626724	24	0.964191	0.000105766	0.0221016	0.000110324
0.626527	25	0.963888	0.000127366	0.0219264	0.00013107
0.626021	26	0.963109	0.000130349	0.0231461	0.000136762
0.626047	27	0.963149	0.000126016	0.0225873	0.000130552
0.653816	0	0.934023	0.000361641	0.0383913	0.00044879
0.668637	1	0.955196	0.000175381	0.0272566	0.000196138
0.671298	2	0.958997	0.000201428	0.0275092	0.00025554
0.670361	3	0.957658	0.000205277	0.0253004	0.000235772
0.667563	4	0.953661	0.000205044	0.0288089	0.000264904
0.646538	5	0.923626	0.00021241	0.0579129	0.000251709
0.630567	6	0.90081	0.000382522	0.0684983	0.000405516
0.659488	7	0.942125	0.000209572	0.0321021	0.000193925
0.665073	8	0.950104	0.000213099	0.0264521	0.000218934
0.667136	9	0.953052	0.000197595	0.0238211	0.000207041
0.667708	10	0.953868	0.000173676	0.0237168	0.000167684
0.668504	11	0.955006	0.000173221	0.0243873	0.00017132
0.670037	12	0.957196	0.0001541	0.0250916	0.000166626
0.670814	13	0.958306	0.000153236	0.0234837	0.000160563
0.67159	14	0.959414	0.000148651	0.0234947	0.000164069
0.671767	15	0.959668	0.0001284	0.023463	0.000125518
0.672371	16	0.960529	0.000121426	0.0223232	0.000115822
0.67262	17	0.960886	0.000119104	0.0227336	0.000116033
0.672987	18	0.96141	0.000114319	0.0223451	0.000110216
0.673475	19	0.962108	0.000114426	0.0220087	0.000113086
0.674168	20	0.963097	0.000108277	0.0222319	0.000110169
0.673924	21	0.962748	0.000109274	0.0220922	0.000110181
0.674063	22	0.962947	0.000106816	0.0220439	0.000108112
0.674433	23	0.963476	0.000103941	0.0224202	0.000107306
0.6743	24	0.963286	0.000101538	0.0220876	0.000103004
0.673779	25	0.962542	0.000124177	0.0223488	0.000126193
0.673419	26	0.962027	0.000130428	0.0228097	0.00013267
0.673394	27	0.961991	0.000124176	0.0221187	0.000122809
0.699322	0	0.932429	0.000345802	0.04018	0.000427635
0.714923	1	0.953231	0.000217396	0.0298179	0.000287442
0.718615	2	0.958153	0.000191167	0.0249568	0.000218394
0.717475	3	0.956634	0.000186541	0.029543	0.000232069
0.714623	4	0.95283	0.000198083	0.0292543	0.000253444
0.690842	5	0.921123	0.000200876	0.058717	0.000226418
0.673798	6	0.898397	0.000391185	0.068448	0.000409923
0.705409	7	0.940545	0.000205126	0.0317112	0.000184637
0.712051	8	0.949401	0.000195071	0.0256505	0.000194258
0.71382	9	0.95176	0.000192054	0.0248705	0.000203032
0.714471	10	0.952628	0.000179098	0.0253222	0.000175848
0.715972	11	0.954629	0.000162346	0.0243947	0.000161198
0.716484	12	0.955312	0.000158711	0.023327	0.000155955
0.717595	13	0.956794	0.000150148	0.0225448	0.000149644
0.718216	14	0.957622	0.000151675	0.023315	0.000159157
0.719687	15	0.959583	0.000138242	0.0224374	0.000146736
0.720112	16	0.960149	0.000138502	0.0230532	0.000152516
0.720002	17	0.960003	0.000116141	0.0222431	0.000109116
0.720164	18	0.960218	0.000116512	0.0227486	0.00011364
0.721071	19	0.961428	0.000108855	0.0226098	0.000108128
0.721213	20	0.961617	0.000107897	0.0225407	0.000106889
0.721566	21	0.962088	0.000102858	0.0224163	0.000103071
0.721532	22	0.962042	0.000102054	0.0220497	0.000100874
0.721437	23	0.961917	0.000101858	0.0222998	0.000101147
0.721507	24	0.96201	9.91934e-05	0.0221373	9.81969e-05
0.721147	25	0.961529	0.000116767	0.0229561	0.000117538
0.72074	26	0.960987	0.000128157	0.0218625	0.000123405
0.72034	27	0.960453	0.000123539	0.0229513	0.000119042
0.744696	0	0.93087	0.000344342	0.0403032	0.000411287
0.761521	1	0.951902	0.000166033	0.0321584	0.000193085
0.765368	2	0.95671	0.000182613	0.0279092	0.000216715
0.763799	3	0.954749	0.000187794	0.0309552	0.000228694
0.761276	4	0.951595	0.000183189	0.0297853	0.000228821
0.735493	5	0.919367	0.000191047	0.062773	0.000226659
0.717032	6	0.89629	0.00038605	0.0660643	0.000393853
0.752106	7	0.940133	0.000215896	0.0315999	0.000203623
0.758555	8	0.948193	0.000190946	0.0257884	0.000189086
0.760189	9	0.950236	0.000198974	0.0259774	0.000206224
0.761769	10	0.952211	0.000191534	0.0239925	0.00019848
0.763354	11	0.954192	0.000179979	0.0231338	0.000193075
0.763867	12	0.954833	0.00015495	0.0241982	0.000154194
0.764463	13	0.955579	0.000150368	0.0234432	0.000148481
0.765491	14	0.956863	0.000143063	0.0225725	0.000143121
0.766524	15	0.958155	0.000138529	0.0227201	0.000144275
0.766724	16	0.958406	0.000137679	0.0223795	0.000141972
0.7676	17	0.959499	0.000132997	0.0226337	0.000142299
0.767854	18	0.959817	0.000127162	0.0228694	0.000137581
0.76814	19	0.960175	0.000131522	0.0217759	0.000141504
0.768383	20	0.960479	0.000129984	0.0220971	0.000142861
0.768627	21	0.960783	0.00010148	0.0221634	9.77882e-05
0.769034	22	0.961292	0.000100013	0.0221988	9.76381e-05
0.769036	23	0.961295	9.94608e-05	0.0225768	9.88272e-05
0.769199	24	0.961499	9.7353e-05	0.0224871	9.68693e-05
0.768275	25	0.960343	0.000116463	0.0226214	0.000112699
0.768175	26	0.960219	0.000148289	0.0224146	0.000164033
0.768118	27	0.960148	0.000120915	0.0230965	0.000117183
0.791374	0	0.931028	0.000306783	0.04074	0.000370357
0.808596	1	0.951289	0.000191646	0.030911	0.000242717
0.811865	2	0.955135	0.000182103	0.0307454	0.000222567
0.810744	3	0.953817	0.000176735	0.0295833	0.000202234
0.808015	4	0.950606	0.000173373	0.0301689	0.000210295
0.779839	5	0.917457	0.000199396	0.0606277	0.000230628
0.760582	6	0.894802	0.000385195	0.0662985	0.000397915
0.798157	7	0.939008	0.000206764	0.031241	0.000192105
0.80559	8	0.947753	0.000186022	0.0254945	0.000182254
0.807603	9	0.950122	0.000179834	0.0245185	0.000182049
0.809034	10	0.951805	0.000181678	0.023924	0.000186307
0.810259	11	0.953246	0.000175942	0.0246763	0.000191626
0.811468	12	0.954668	0.000170251	0.0235144	0.000188066
0.812588	13	0.955986	0.00013789	0.0233769	0.000136375
0.813071	14	0.956554	0.000139071	0.0228492	0.00013954
0.813238	15	0.95675	0.000139859	0.0224809	0.000138971
0.814293	16	0.957992	0.000135502	0.0226583	0.000139307
0.814969	17	0.958787	0.000127705	0.0227169	0.000134358
0.814959	18	0.958775	0.00013194	0.022461	0.000137894
0.815623	19	0.959557	0.000123101	0.0228646	0.000132858
0.815878	20	0.959857	0.000120766	0.0213172	0.000126369
0.815933	21	0.959921	0.00012277	0.0216483	0.000130766
0.816582	22	0.960684	0.000115028	0.0218145	0.000125321
0.816162	23	0.960191	0.000118203	0.0220792	0.000128951
0.816426	24	0.960502	9.64014e-05	0.021933	9.19101e-05
0.815875	25	0.959853	0.000128947	0.0225124	0.000138038
0.815479	26	0.959387	0.000143899	0.0234367	0.000157608
0.815067	27	0.958902	0.000120066	0.0232111	0.000114336
0.835078	0	0.927864	0.000290609	0.0415561	0.000310614
0.855842	1	0.950936	0.000175675	0.0320133	0.000227333
0.858357	2	0.95373	0.000175207	0.0309498	0.000207653
0.858322	3	0.953691	0.000169853	0.03015	0.000197229
0.854045	4	0.948939	0.000171309	0.0293105	0.000195248
0.824588	5	0.916209	0.000195059	0.0593967	0.000218033
0.806506	6	0.896118	0.000359239	0.0608541	0.000353349
0.844659	7	0.93851	0.000199516	0.0315824	0.000182445
0.852555	8	0.947283	0.000207565	0.0261431	0.000224554
0.85425	9	0.949167	0.000171643	0.0250267	0.000172205
0.855488	10	0.950543	0.000188812	0.0250503	0.000196057
0.857203	11	0.952447	0.000184189	0.0239056	0.000196645
0.857861	12	0.953179	0.000179497	0.0227045	0.000185558
0.859318	13	0.954798	0.000137104	0.023162	0.000132656
0.859749	14	0.955277	0.000143268	0.0229406	0.000141024
0.861544	15	0.957271	0.000127068	0.0220507	0.000126015
0.860977	16	0.956641	0.000134473	0.0224433	0.000133352
0.862329	17	0.958143	0.000123288	0.0229286	0.000128619
0.862582	18	0.958425	0.000121754	0.0224844	0.000126445
0.862725	19	0.958583	0.000123149	0.022726	0.000128986
0.863414	20	0.959349	0.000116204	0.0221218	0.000123474
0.863143	21	0.959047	0.000117495	0.0215918	0.000122163
0.863724	22	0.959693	0.000115726	0.022426	0.00012551
0.863832	23	0.959813	0.000112768	0.0220532	0.000121496
0.863553	24	0.959503	0.00011036	0.0225793	0.000117469
0.863591	25	0.959546	0.000127103	0.0226891	0.00013837
0.863252	26	0.959169	0.000136452	0.0235157	0.000149395
0.86266	27	0.958511	0.000137521	0.0231129	0.000145806
0.879882	0	0.926191	0.000326576	0.0426982	0.00037253
0.901922	1	0.949392	0.000174043	0.0344999	0.000228448
0.905552	2	0.953212	0.000166078	0.0301129	0.000189793
0.903558	3	0.951113	0.000173306	0.0318695	0.000196792
0.900212	4	0.947592	0.000171802	0.0331111	0.000207251
0.868486	5	0.914195	0.000204389	0.0624949	0.000240395
0.848118	6	0.892756	0.000368356	0.0632304	0.00035275
0.891563	7	0.938488	0.000214456	0.0318898	0.000216963
0.898994	8	0.94631	0.000179724	0.0258385	0.000172792
0.901139	9	0.948567	0.000168487	0.0249163	0.000166522
0.902707	10	0.950218	0.000172653	0.0239464	0.000171397
0.904254	11	0.951847	0.00017231	0.0245125	0.000182937
0.905384	12	0.953036	0.000158251	0.0229092	0.000164772
0.906182	13	0.953876	0.000166344	0.023633	0.000182128
0.906934	14	0.954668	0.000163429	0.023427	0.000179342
0.908232	15	0.956033	0.000129815	0.0224708	0.000127333
0.908727	16	0.956555	0.000124868	0.0225358	0.000124202
0.909885	17	0.957774	0.000118671	0.0225106	0.000120792
0.90957	18	0.957442	0.000121391	0.0225472	0.000123136
0.910143	19	0.958046	0.000117092	0.0213726	0.000115449
0.910797	20	0.958734	0.000112027	0.0226193	0.00011728
0.910243	21	0.958151	0.000113235	0.0221124	0.000114532
0.910986	22	0.958933	0.000107339	0.0222123	0.000111336
0.911161	23	0.959117	0.000110761	0.0221366	0.000116869
0.911183	24	0.95914	0.000107553	0.0219251	0.000113644
0.910309	25	0.958221	0.000127088	0.0231744	0.000134154
0.911295	26	0.959258	0.000125975	0.023248	0.000136797
0.910197	27	0.958103	0.000133112	0.0232313	0.000139654
0.925718	0	0.925718	0.000297834	0.041157	0.000329047
0.947075	1	0.947075	0.000147564	0.0360276	0.000167956
0.951698	2	0.951698	0.000165847	0.0318266	0.000190628
0.950129	3	0.950129	0.000165143	0.0343073	0.000194446
0.946045	4	0.946045	0.000160842	0.0352123	0.000194647
0.912985	5	0.912985	0.000195279	0.063354	0.000228477
0.892706	6	0.892706	0.000365396	0.0610201	0.000353993
0.937504	7	0.937504	0.000210339	0.0303043	0.000202461
0.945336	8	0.945336	0.000172189	0.0264309	0.000163527
0.947296	9	0.947296	0.000214443	0.0252172	0.000231193
0.950352	10	0.950352	0.000198138	0.0239804	0.000224067
0.95099	11	0.95099	0.000166909	0.0233621	0.000168255
0.952259	12	0.952259	0.000165219	0.024083	0.00017603
0.952478	13	0.952478	0.000167321	0.0232596	0.000173743
0.954059	14	0.954059	0.000163028	0.0230161	0.000177984
0.955546	15	0.955546	0.000150067	0.0225078	0.000167494
0.9562	16	0.9562	0.000143049	0.0222418	0.000160296
0.956457	17	0.956457	0.000121456	0.0235981	0.000124883
0.956753	18	0.956753	0.000117607	0.0218345	0.000114579
0.957898	19	0.957898	0.000113792	0.0226607	0.000116857
0.957973	20	0.957973	0.000114969	0.0229461	0.000119734
0.957482	21	0.957482	0.00011075	0.022046	0.000110465
0.958138	22	0.958138	0.000112722	0.0222089	0.00011648
0.958084	23	0.958084	0.000108739	0.0226718	0.00011204
0.95803	24	0.95803	0.00010678	0.0223671	0.00010902
0.95677	25	0.95677	0.000125776	0.0223251	0.000125268
0.957265	26	0.957265	0.000132898	0.0227753	0.000135627
0.957095	27	0.957095	0.00012516	0.0230071	0.000126871
0.970877	0	0.924644	0.000279093	0.0475516	0.000334772
0.994448	1	0.947093	0.000159079	0.0368742	0.000206184
0.9973	2	0.94981	0.000165059	0.0348036	0.000194419
0.996721	3	0.949258	0.000159689	0.0345773	0.000185249
0.990614	4	0.943442	0.000144175	0.0375283	0.000160388
0.957911	5	0.912296	0.000188254	0.0622334	0.000215032
0.937108	6	0.892484	0.000361784	0.0592704	0.000346512
0.983897	7	0.937045	0.000208686	0.0309637	0.000202193
0.992224	8	0.944975	0.000191505	0.0263825	0.000201147
0.994219	9	0.946875	0.000198186	0.0241343	0.000202386
0.995985	10	0.948557	0.000171496	0.0246572	0.00016983
0.997043	11	0.949565	0.00016767	0.0229275	0.000161384
0.998737	12	0.951178	0.000162207	0.0237759	0.000166027
1.00035	13	0.952711	0.000152728	0.0233171	0.000159531
1.00185	14	0.954141	0.000149451	0.022975	0.000162651
1.00215	15	0.954424	0.000149572	0.0221381	0.000158845
1.00261	16	0.954862	0.000121486	0.0225245	0.000115983
1.00331	17	0.955537	0.00011762	0.0223443	0.000113895
1.00439	18	0.956561	0.000112651	0.0221992	0.000111126
1.00476	19	0.95691	0.000115176	0.0224551	0.00011638
1.0046	20	0.956764	0.000110839	0.0220714	0.000108746
1.00469	21	0.956845	0.000109678	0.0224284	0.000108751
1.00538	22	0.957503	0.000108346	0.0228448	0.00011136
1.00532	23	0.95745	0.000106223	0.022591	0.000107674
1.00543	24	0.95755	0.000103864	0.0225098	0.000105382
1.00488	25	0.957029	0.000120343	0.0231021	0.000122679
1.00479	26	0.956941	0.000130116	0.022735	0.000131663
1.00456	27	0.956726	0.00012451	0.0224782	0.000123552
1.01498	0	0.922705	0.000293812	0.0458014	0.000333652
1.03876	1	0.94433	0.00014793	0.0355325	0.000159037
1.04388	2	0.948984	0.000161255	0.0362757	0.000192737
1.04198	3	0.947251	0.000157706	0.0377027	0.000186392
1.03779	4	0.943446	0.000158449	0.0385799	0.000194542
1.00201	5	0.910917	0.000187889	0.0641374	0.000217667
0.980723	6	0.891566	0.000353808	0.0598553	0.000338116
1.03037	7	0.936701	0.00019506	0.030286	0.000184324
1.03883	8	0.944394	0.000187422	0.0260927	0.000191523
1.0416	9	0.946905	0.000189137	0.0241489	0.000199329
1.04376	10	0.948876	0.000182853	0.0247062	0.000206577
1.04473	11	0.949758	0.000196812	0.0231948	0.000219753
1.04583	12	0.950758	0.000162059	0.0238749	0.0001661
1.04752	13	0.952291	0.000149336	0.0234175	0.000155168
1.04812	14	0.95284	0.000129968	0.0237543	0.000123211
1.04907	15	0.953703	0.000143957	0.0232009	0.000153961
1.05025	16	0.954777	0.000143562	0.0221046	0.000153782
1.05054	17	0.955039	0.000117367	0.0218362	0.000110201
1.05122	18	0.955656	0.000137233	0.0219575	0.000149795
1.05179	19	0.956169	0.000110617	0.0224605	0.000108946
1.05256	20	0.956876	0.0001065	0.0224632	0.000105533
1.0522	21	0.956546	0.000106283	0.022618	0.000105604
1.05287	22	0.957157	0.000104501	0.0225116	0.000105038
1.05248	23	0.9568	0.000105488	0.0227556	0.000105442
1.05233	24	0.95666	0.000103366	0.022267	0.000101596
1.05236	25	0.956689	0.000115728	0.0229057	0.000116816
1.05167	26	0.956059	0.000127134	0.0226128	0.000125703
1.0514	27	0.955815	0.000123846	0.0227582	0.000121233
1.06109	0	0.922687	0.000275726	0.0467487	0.000318415
1.0864	1	0.944697	0.000154663	0.0368955	0.000189107
1.08886	2	0.946831	0.000163001	0.0362709	0.000186382
1.08826	3	0.946316	0.000159443	0.0365049	0.000181236
1.08312	4	0.941845	0.000145273	0.0365099	0.000154654
1.0461	5	0.909654	0.000191401	0.0617436	0.000212023
1.02417	6	0.890584	0.000358001	0.059382	0.000340814
1.07596	7	0.935619	0.00020137	0.0302697	0.000190015
1.0857	8	0.944087	0.000180765	0.0253284	0.000183125
1.08825	9	0.946306	0.000189046	0.0248397	0.000199583
1.09032	10	0.948108	0.00019311	0.0246016	0.000212912
1.09137	11	0.94902	0.000159942	0.0238265	0.00015408
1.09341	12	0.95079	0.000151497	0.0244616	0.000156911
1.09452	13	0.951754	0.000147931	0.0240535	0.00015482
1.09546	14	0.952573	0.000146881	0.0236548	0.000154401
1.0967	15	0.953654	0.000141748	0.0219173	0.000146569
1.09731	16	0.954178	0.000136689	0.0222487	0.000144907
1.09737	17	0.954236	0.000117159	0.022392	0.000110115
1.09845	18	0.955172	0.000112615	0.022735	0.000108721
1.09845	19	0.955178	0.000110044	0.0222624	0.000104387
1.09928	20	0.955894	0.000106195	0.0220725	0.000102103
1.09955	21	0.956126	0.00010328	0.0220654	0.000100168
1.09988	22	0.956415	0.000104146	0.0225134	0.000102759
1.09999	23	0.95651	0.000102193	0.0227439	0.000102083
1.09963	24	0.956198	0.000100812	0.0219761	9.7565e-05
1.09928	25	0.955898	0.000114978	0.0222575	0.000111415
1.09777	26	0.954582	0.000129201	0.0221474	0.000120329
1.09825	27	0.954997	0.000125642	0.0220282	0.000117993
1.1063	0	0.921919	0.000269045	0.0475168	0.000310755
1.13128	1	0.942734	0.000147184	0.0432731	0.000194237
1.13549	2	0.946241	0.000155272	0.0379928	0.000179962
1.13357	3	0.944642	0.000153828	0.0386712	0.00017603
1.12817	4	0.940141	0.000146071	0.0395168	0.000159811
1.09198	5	0.909983	0.000198107	0.0601347	0.000227464
1.06705	6	0.889209	0.000361077	0.0594656	0.00033909
1.12222	7	0.935179	0.000195107	0.0304832	0.000183872
1.13236	8	0.943635	0.000206314	0.0250378	0.000226528
1.13455	9	0.94546	0.000178506	0.0235603	0.000178406
1.13672	10	0.947266	0.000185782	0.0247118	0.000201367
1.13811	11	0.948425	0.000154634	0.0235921	0.000146148
1.13975	12	0.949793	0.000152348	0.0228964	0.000147933
1.14081	13	0.950676	0.000154025	0.0233351	0.000153663
1.14348	14	0.952902	0.000133489	0.0240214	0.000143835
1.14331	15	0.952754	0.000140129	0.0224029	0.000144135
1.1445	16	0.953747	0.000132109	0.0225874	0.000139959
1.14492	17	0.9541	0.000134746	0.0234196	0.000148725
1.1462	18	0.955163	0.000122155	0.0218688	0.000131511
1.14662	19	0.955513	0.000127205	0.0227848	0.000143166
1.1461	20	0.955083	0.000106072	0.0217452	9.87973e-05
1.1465	21	0.955418	0.000129217	0.0223111	0.000141823
1.14694	22	0.955781	0.000102445	0.0232258	0.000102161
1.14679	23	0.955657	0.000101957	0.0227449	0.000100025
1.14664	24	0.95553	0.000101112	0.0221199	9.66728e-05
1.14619	25	0.955162	0.000115894	0.0225003	0.000111676
1.14534	26	0.954452	0.000127521	0.0219989	0.000119325
1.14508	27	0.954233	0.000126359	0.0228919	0.000119907
1.15096	0	0.920766	0.000306365	0.0462926	0.000366091
1.1765	1	0.941198	0.000145286	0.0379817	0.000156896
1.18081	2	0.944646	0.000152118	0.0390175	0.000175555
1.18131	3	0.94505	0.000149641	0.0362684	0.000166517
1.17448	4	0.939582	0.000141637	0.0402277	0.000157554
1.13698	5	0.909585	0.000192621	0.0587362	0.000215228
1.11222	6	0.889777	0.000344417	0.0557649	0.000322847
1.16826	7	0.934611	0.000215492	0.0301797	0.000211654
1.17829	8	0.942635	0.000209861	0.024731	0.000228444
1.18098	9	0.944783	0.000183309	0.0244701	0.000187012
1.183	10	0.946402	0.000183837	0.0236958	0.000188099
1.1861	11	0.948876	0.000172428	0.0237508	0.000191174
1.1867	12	0.949359	0.000172	0.0242956	0.000196945
1.18827	13	0.950616	0.000139396	0.0222068	0.000134215
1.19001	14	0.952011	0.000133694	0.0240093	0.000139443
1.19066	15	0.952526	0.000133623	0.0227898	0.000138024
1.19113	16	0.952902	0.000133292	0.0225091	0.000138322
1.19142	17	0.953132	0.000139249	0.0223004	0.000144813
1.19247	18	0.953977	0.000128057	0.0225232	0.00013741
1.19375	19	0.955	0.000120071	0.0222183	0.000129746
1.19332	20	0.954656	0.000126333	0.0221923	0.000136008
1.19381	21	0.955051	0.000101563	0.0217589	9.51632e-05
1.19399	22	0.95519	0.000120162	0.0225966	0.000132747
1.19463	23	0.955705	9.73354e-05	0.0222185	9.40265e-05
1.19364	24	0.954912	0.00010131	0.0217583	9.46736e-05
1.19339	25	0.954709	0.000136364	0.0215915	0.000143388
1.1933	26	0.954641	0.000120815	0.0225037	0.000114514
1.19245	27	0.953959	0.00014862	0.0226212	0.00015907
1.19702	0	0.920788	0.000263302	0.044729	0.000286908
1.22361	1	0.941238	0.000152931	0.0385992	0.000179019
1.22701	2	0.943855	0.000151651	0.0400575	0.000175815
1.22752	3	0.944249	0.000167982	0.0403777	0.000218005
1.22203	4	0.94002	0.000137364	0.0397703	0.00016066
1.18189	5	0.909148	0.000189057	0.0573277	0.000207092
1.15451	6	0.888082	0.000349445	0.0543475	0.000319527
1.21506	7	0.934659	0.000201394	0.0287245	0.000193322
1.22502	8	0.942326	0.00017798	0.0266716	0.000178816
1.22821	9	0.944781	0.000169114	0.0251676	0.000172047
1.2304	10	0.946461	0.0001682	0.0249264	0.00017879
1.2326	11	0.94815	0.000167804	0.0244682	0.000183634
1.23282	12	0.948321	0.000149001	0.0231119	0.000140875
1.23534	13	0.950262	0.000138765	0.0232366	0.000136665
1.23616	14	0.950892	0.000136844	0.0236076	0.000138446
1.237	15	0.95154	0.000135183	0.0230783	0.00013633
1.23845	16	0.952652	0.000128337	0.0228081	0.000133589
1.23906	17	0.953124	0.000129867	0.0220762	0.000133169
1.24012	18	0.953938	0.000126692	0.0221723	0.000133059
1.23986	19	0.953737	0.000124495	0.0221641	0.000129979
1.24072	20	0.954399	0.000119067	0.0217906	0.000125447
1.24052	21	0.954243	0.00012404	0.0220149	0.000131107
1.24146	22	0.954971	0.000118221	0.0216364	0.000125177
1.24092	23	0.954557	9.97999e-05	0.0226674	9.47338e-05
1.24163	24	0.955102	0.000114352	0.0222176	0.000124685
1.24066	25	0.954353	0.000133731	0.0218152	0.000140088
1.24094	26	0.954571	0.000135545	0.0226077	0.000147077
1.2401	27	0.953923	0.000137203	0.0216479	0.000141175
1.24278	0	0.920575	0.000275828	0.046582	0.000329071
1.27037	1	0.941014	0.000147698	0.0388619	0.000173086
1.27314	2	0.943065	0.000151432	0.0393456	0.000169667
1.27306	3	0.943006	0.000163942	0.0407943	0.000208623
1.26698	4	0.938503	0.000138436	0.0412455	0.00016191
1.22736	5	0.909154	0.000194201	0.0562424	0.000221294
1.19814	6	0.887511	0.000352342	0.0559817	0.000328117
1.26145	7	0.934407	0.000201847	0.0293753	0.000197338
1.27216	8	0.942344	0.000196139	0.0257361	0.000214903
1.27436	9	0.943971	0.000169289	0.0244699	0.000166142
1.27648	10	0.945539	0.000176881	0.0244416	0.000181424
1.27914	11	0.947513	0.000174434	0.0228926	0.000181965
1.28053	12	0.94854	0.000172468	0.0242807	0.000192894
1.28213	13	0.949728	0.000139675	0.022436	0.000132858
1.2829	14	0.950294	0.000133883	0.0226853	0.000129834
1.28408	15	0.951168	0.000132337	0.0227468	0.000130705
1.28573	16	0.95239	0.000124735	0.0221526	0.000125043
1.28583	17	0.95247	0.000124366	0.0226486	0.000127973
1.28661	18	0.953046	0.000126027	0.0221276	0.000128928
1.28662	19	0.953048	0.000126952	0.022059	0.000130291
1.2879	20	0.954003	0.00011997	0.0217083	0.000124433
1.2883	21	0.954294	0.000113945	0.0223017	0.000121325
1.28805	22	0.95411	9.84374e-05	0.0219178	9.06387e-05
1.28845	23	0.954409	0.000115357	0.021576	0.000120556
1.28825	24	0.95426	0.000111884	0.0217388	0.000116412
1.28738	25	0.953614	0.000134089	0.0222986	0.000140781
1.2864	26	0.952891	0.000140883	0.0217303	0.00013833
1.28723	27	0.953502	0.000133052	0.0229525	0.000141419
1.28771	0	0.919791	0.000276916	0.0462534	0.000325254
1.31594	1	0.939955	0.000175953	0.0378172	0.000221106
1.32166	2	0.944042	0.000157677	0.0386696	0.000196459
1.31974	3	0.942669	0.000157938	0.0396402	0.000194661
1.3115	4	0.936787	0.000145145	0.04206	0.000167174
1.27167	5	0.908338	0.000198782	0.0548789	0.000220553
1.2428	6	0.887715	0.000337257	0.0551767	0.000314315
1.30683	7	0.933453	0.000226944	0.0285711	0.000232878
1.31743	8	0.941024	0.000195026	0.025898	0.000208213
1.32156	9	0.943975	0.000167925	0.0240577	0.000164698
1.32346	10	0.945325	0.000170637	0.0246564	0.000175323
1.3255	11	0.946783	0.000165726	0.0242361	0.000174428
1.32649	12	0.947495	0.000172399	0.0235494	0.000183353
1.32801	13	0.948579	0.000138006	0.0240199	0.000133578
1.33054	14	0.950385	0.000128741	0.0232901	0.000126933
1.33056	15	0.950403	0.000129445	0.0226141	0.000125531
1.33236	16	0.951688	0.000120694	0.0234172	0.000123032
1.33331	17	0.952367	0.000120519	0.023123	0.000124796
1.33401	18	0.952868	0.000118922	0.0226259	0.000122968
1.33464	19	0.953311	0.000118277	0.0218616	0.000120704
1.33566	20	0.95404	0.000115892	0.0223442	0.000123145
1.33512	21	0.953655	0.000114198	0.0213753	0.00011588
1.33567	22	0.954049	0.00011127	0.0215902	0.000114751
1.33594	23	0.95424	0.000109267	0.0212983	0.000111591
1.33462	24	0.953299	0.000115322	0.0209659	0.000114421
1.33457	25	0.953264	0.000127422	0.0217848	0.000130052
1.33431	26	0.953082	0.000138446	0.0219673	0.000141658
1.33314	27	0.95224	0.000139031	0.0219203	0.000138812
1.33265	0	0.919071	0.000264983	0.0492755	0.000321822
1.36214	1	0.939408	0.000144564	0.0386352	0.000162804
1.36534	2	0.941617	0.000146028	0.0384605	0.00015874
1.36553	3	0.941746	0.00015827	0.039572	0.000190671
1.35789	4	0.936479	0.000157302	0.0435996	0.000202755
1.31508	5	0.906954	0.00021707	0.0550705	0.000253291
1.28664	6	0.887339	0.000341059	0.0536077	0.000309338
1.35215	7	0.932517	0.000201175	0.0292145	0.000190912
1.36456	8	0.941077	0.000195329	0.0257286	0.000207623
1.36802	9	0.943461	0.000159598	0.0248294	0.000156974
1.37001	10	0.944835	0.000168578	0.0239627	0.000166784
1.37352	11	0.947258	0.000152318	0.025248	0.000167189
1.37417	12	0.947702	0.00016174	0.0244987	0.000175673
1.37576	13	0.948799	0.000163535	0.0233521	0.000178888
1.37568	14	0.948742	0.000137486	0.0225644	0.000128018
1.37791	15	0.950279	0.000127193	0.0229436	0.00012362
1.37946	16	0.951349	0.000123195	0.0214764	0.000118348
1.37982	17	0.951599	0.000122654	0.0224328	0.000122567
1.38074	18	0.952237	0.000120531	0.0219111	0.000120192
1.38185	19	0.953	0.000114362	0.0217652	0.000115541
1.382	20	0.953105	0.000113469	0.0216973	0.000114767
1.38256	21	0.953491	0.000108281	0.0216293	0.000110059
1.38224	22	0.953269	0.000112791	0.0216417	0.000114344
1.38206	23	0.953145	0.00011044	0.0206841	0.000107659
1.38208	24	0.953158	0.000107948	0.021431	0.0001082
1.38198	25	0.953088	0.00012651	0.0218734	0.000128524
1.3814	26	0.952691	0.000131691	0.0221198	0.000133535
1.38199	27	0.953097	0.000128589	0.0220846	0.000131476
1.37831	0	0.918876	0.000265089	0.0439732	0.000291179
1.40898	1	0.939318	0.000159206	0.0387912	0.000200061
1.41281	2	0.941872	0.000159839	0.0369246	0.000182521
1.41109	3	0.940728	0.000152979	0.0394081	0.000178656
1.40548	4	0.936984	0.000146994	0.0431994	0.000189592
1.36238	5	0.908253	0.000205686	0.0523386	0.000234981
1.32987	6	0.886583	0.000345852	0.0534973	0.000319026
1.39899	7	0.932659	0.00021644	0.0288044	0.000222342
1.41091	8	0.940606	0.000188327	0.0256794	0.000198435
1.4139	9	0.942601	0.000163553	0.0231298	0.000151417
1.41675	10	0.944497	0.000162253	0.0237345	0.000158912
1.41825	11	0.945501	0.000160196	0.0249194	0.000167587
1.42052	12	0.947015	0.000158734	0.0235161	0.000164932
1.42251	13	0.948338	0.000148822	0.0232263	0.000159381
1.42384	14	0.949226	0.000148879	0.0229716	0.000161503
1.42478	15	0.949853	0.000125461	0.0226106	0.000119938
1.42546	16	0.950304	0.000122548	0.0224513	0.00011765
1.42664	17	0.951092	0.000120864	0.0216372	0.00011641
1.42828	18	0.95219	0.000115781	0.0217206	0.000114167
1.42899	19	0.952661	0.000113415	0.0215616	0.000112661
1.42879	20	0.952529	0.000115237	0.0215239	0.000114132
1.42949	21	0.952991	0.000111928	0.0218598	0.000113293
1.42972	22	0.95315	0.000107717	0.0218918	0.000109549
1.42924	23	0.952826	0.000107721	0.0213459	0.000106774
1.4289	24	0.952603	0.000110198	0.0213512	0.00010857
1.42805	25	0.952034	0.000127952	0.0211682	0.000124001
1.42893	26	0.952621	0.000127757	0.020685	0.000123286
1.42765	27	0.951766	0.000129691	0.0213239	0.000123756
1.42207	0	0.917465	0.000273299	0.0445711	0.000299483
1.45516	1	0.938814	0.00015546	0.0377035	0.000188246
1.45911	2	0.941363	0.000156448	0.0386496	0.000182936
1.45685	3	0.9399	0.000158808	0.0398934	0.000185386
1.45105	4	0.936162	0.000145349	0.0422893	0.000181
1.40649	5	0.907411	0.000236657	0.0509084	0.000284773
1.37465	6	0.88687	0.000331685	0.0538101	0.00031221
1.44373	7	0.931437	0.000221658	0.0284443	0.000219609
1.45677	8	0.93985	0.000189146	0.0257261	0.000195766
1.46131	9	0.94278	0.0001752	0.0244561	0.00019023
1.4628	10	0.943745	0.000166752	0.0243428	0.000163483
1.46551	11	0.945489	0.00015789	0.0225753	0.00015196
1.46735	12	0.94668	0.000159466	0.0237491	0.00016493
1.46836	13	0.947327	0.000156268	0.0233464	0.000163456
1.4707	14	0.948841	0.000150431	0.0225877	0.000160164
1.47175	15	0.949514	0.000151314	0.0223147	0.000162102
1.47248	16	0.94999	0.000122132	0.0225429	0.000116589
1.47456	17	0.951331	0.000115052	0.0211301	0.000109088
1.47457	18	0.951338	0.000116762	0.0206272	0.000109286
1.47513	19	0.951699	0.000114207	0.0215818	0.000110443
1.47543	20	0.951892	0.000112736	0.0214673	0.000109808
1.47694	21	0.952867	0.00010706	0.0211265	0.000105044
1.47636	22	0.952488	0.000109721	0.021174	0.000106844
1.47668	23	0.952695	0.000107647	0.0214727	0.000106902
1.477	24	0.952905	0.000102935	0.0209469	0.000100381
1.47545	25	0.951905	0.000121138	0.0214622	0.00011609
1.4753	26	0.951809	0.000131368	0.0210133	0.000126152
1.47605	27	0.952289	0.000122874	0.02116	0.000118827
1.46894	0	0.918087	0.000262636	0.0441996	0.000289223
1.50051	1	0.937817	0.000163237	0.0348492	0.000181889
1.50498	2	0.940614	0.000153496	0.0392911	0.000178063
1.50511	3	0.940692	0.000151796	0.0368864	0.000169678
1.49795	4	0.936219	0.000147087	0.0405104	0.000177955
1.45186	5	0.907411	0.000193703	0.0519836	0.000215979
1.41884	6	0.886773	0.00033058	0.0523275	0.000305913
1.48989	7	0.931184	0.000213702	0.0278159	0.000206601
1.50386	8	0.939911	0.000181889	0.0259083	0.000189726
1.50732	9	0.942077	0.000186428	0.0249619	0.000201362
1.50987	10	0.943671	0.000160004	0.0238994	0.000154305
1.51177	11	0.944857	0.000163804	0.0253976	0.000168705
1.51336	12	0.945852	0.000158293	0.0233333	0.00016028
1.51702	13	0.94814	0.000147418	0.0231947	0.000156596
1.51793	14	0.948703	0.000143316	0.0224673	0.000151147
1.51949	15	0.949682	0.000142252	0.0226549	0.000154682
1.51958	16	0.949739	0.000117698	0.0225026	0.000111129
1.52131	17	0.950819	0.000117759	0.0218329	0.000113156
1.52194	18	0.951213	0.000113819	0.0214428	0.000109377
1.52334	19	0.952087	0.000108258	0.0218155	0.000106439
1.52261	20	0.951632	0.00011218	0.0212082	0.000108033
1.52339	21	0.952118	0.000106987	0.0214713	0.000102768
1.52294	22	0.951839	0.00011013	0.0210966	0.000105915
1.52417	23	0.952603	0.000102645	0.0213988	0.000101286
1.52464	24	0.952902	9.97506e-05	0.0209143	9.70818e-05
1.52281	25	0.951757	0.000115053	0.0211482	0.000108043
1.52341	26	0.952129	0.000125652	0.0219859	0.000123405
1.52256	27	0.951598	0.000122442	0.0209349	0.000114589
1.51415	0	0.917668	0.000290424	0.0403601	0.000321475
1.54574	1	0.936814	0.000158109	0.0360259	0.000176909
1.55073	2	0.939834	0.000184435	0.0373671	0.000228129
1.54914	3	0.938872	0.000154507	0.0388443	0.000173199
1.54333	4	0.935349	0.000142357	0.0400555	0.0001671
1.49412	5	0.905525	0.000234151	0.0512812	0.00027482
1.46361	6	0.887035	0.000317589	0.0523953	0.000294444
1.53678	7	0.931384	0.000206351	0.0279446	0.000201255
1.55103	8	0.940017	0.000167792	0.0259777	0.000174609
1.5536	9	0.941574	0.000157325	0.0246233	0.000147729
1.55641	10	0.943279	0.000157435	0.0242288	0.000152022
1.5582	11	0.944361	0.000159374	0.0234843	0.000154298
1.56125	12	0.94621	0.00014565	0.023251	0.000147548
1.56359	13	0.947631	0.000145406	0.0229934	0.000150875
1.56435	14	0.948091	0.00014461	0.0219047	0.00014733
1.56554	15	0.948812	0.000141568	0.0214289	0.000144091
1.56657	16	0.949438	0.00011712	0.0214561	0.000106712
1.56872	17	0.950737	0.00011339	0.0217563	0.00010825
1.56924	18	0.951053	0.000110647	0.0209765	0.000103377
1.56984	19	0.951416	0.000108582	0.0212535	0.000103496
1.56995	20	0.951485	0.000108237	0.0217127	0.00010469
1.57079	21	0.951996	0.000105372	0.0216444	0.000103221
1.57099	22	0.952116	0.000105665	0.0211571	0.000102387
1.5713	23	0.9523	9.9926e-05	0.0208509	9.53953e-05
1.57111	24	0.952186	0.000101352	0.0210661	9.77943e-05
1.56989	25	0.951446	0.000120043	0.0206168	0.00011183
1.56962	26	0.951287	0.00012581	0.021495	0.000118282
1.56888	27	0.950834	0.000122546	0.0204733	0.000110995
1.56091	0	0.918184	0.000261603	0.0460841	0.00032501
1.59218	1	0.936579	0.000191768	0.035673	0.000237705
1.59779	2	0.939878	0.000181627	0.0389262	0.000232231
1.59521	3	0.93836	0.000147416	0.0393864	0.000164675
1.58886	4	0.934623	0.000143659	0.0399986	0.000165424
1.54033	5	0.906074	0.000225941	0.0492684	0.000258811
1.50667	6	0.886276	0.000322726	0.0521859	0.000301868
1.58355	7	0.9315	0.000194115	0.0277375	0.000189076
1.59675	8	0.939264	0.000179763	0.0259794	0.000185932
1.59995	9	0.941149	0.000175891	0.0240211	0.00018053
1.60274	10	0.942788	0.000157105	0.024439	0.000151023
1.60605	11	0.944734	0.000147741	0.0241113	0.000146706
1.6073	12	0.945468	0.000150854	0.0234946	0.000151228
1.60964	13	0.946846	0.000144496	0.023396	0.000149812
1.61094	14	0.947612	0.000145847	0.0223309	0.000148851
1.61329	15	0.948995	0.000132239	0.0217388	0.000136125
1.61309	16	0.948875	0.000136544	0.0218041	0.0001402
1.61436	17	0.949621	0.000113434	0.0211544	0.000102051
1.6157	18	0.950413	0.000109254	0.0217908	0.000102927
1.61631	19	0.950773	0.000110444	0.0213187	0.00010396
1.61728	20	0.951344	0.000105266	0.0206281	9.77156e-05
1.61759	21	0.951525	0.000103634	0.0210472	9.69299e-05
1.61788	22	0.951697	0.000104936	0.0215221	0.000101517
1.61772	23	0.951602	0.000102748	0.0205702	9.61262e-05
1.61785	24	0.951674	9.87168e-05	0.0209582	9.19996e-05
1.61637	25	0.950808	0.000119159	0.0208013	0.000108812
1.61605	26	0.950616	0.000125842	0.0206953	0.000114302
1.61598	27	0.950579	0.000124311	0.0213932	0.000115393
1.60518	0	0.917245	0.000288077	0.0410298	0.000318634
1.63804	1	0.936021	0.00015364	0.0371152	0.000173186
1.64318	2	0.93896	0.000178975	0.0372752	0.000215587
1.64202	3	0.938295	0.000179573	0.0372793	0.000212411
1.63236	4	0.93278	0.000147296	0.0406353	0.000165761
1.58456	5	0.905463	0.000212556	0.0474058	0.000234555
1.5496	6	0.885484	0.000325567	0.0509832	0.000298787
1.62915	7	0.930942	0.000197219	0.028268	0.000194402
1.64285	8	0.938769	0.000170807	0.0243302	0.000165398
1.64681	9	0.941033	0.000179068	0.0253072	0.000190631
1.64868	10	0.9421	0.00015638	0.0249369	0.000151282
1.65129	11	0.943595	0.000180166	0.023001	0.000192738
1.65467	12	0.945527	0.000141995	0.0229688	0.000138251
1.65541	13	0.945947	0.000145542	0.0224868	0.000143322
1.65767	14	0.947238	0.000138702	0.0217855	0.000137271
1.65924	15	0.948138	0.000137217	0.022665	0.000143431
1.66006	16	0.948607	0.00013547	0.021368	0.000137364
1.66196	17	0.949693	0.000111342	0.0211627	0.000100965
1.6626	18	0.950056	0.000133199	0.0212265	0.000138252
1.66262	19	0.950071	0.000109803	0.0211475	0.000100077
1.66423	20	0.950991	0.0001051	0.0209728	9.83481e-05
1.66426	21	0.951005	0.000102747	0.0205568	9.44052e-05
1.66473	22	0.951273	0.000100813	0.0206519	9.21851e-05
1.66504	23	0.951454	9.80643e-05	0.0207168	9.08522e-05
1.66551	24	0.951717	9.53332e-05	0.0202778	8.68802e-05
1.66404	25	0.950878	0.000114614	0.0208053	0.00010489
1.66315	26	0.95037	0.000123128	0.0207162	0.000110435
1.66262	27	0.95007	0.000124233	0.0211571	0.000112661
1.64933	0	0.916295	0.000274266	0.040014	0.000294288
1.68353	1	0.935296	0.00018512	0.0352068	0.000221927
1.68837	2	0.937981	0.000175881	0.0369583	0.000205794
1.68991	3	0.938841	0.00015811	0.0387287	0.000194181
1.68054	4	0.933634	0.000141529	0.0388022	0.000156367
1.62884	5	0.904909	0.000214336	0.0482362	0.000236692
1.59173	6	0.884297	0.000319139	0.0504846	0.000283188
1.67471	7	0.930392	0.000196282	0.0270608	0.000183961
1.68967	8	0.938706	0.000164733	0.0247548	0.000161373
1.69287	9	0.940481	0.000169909	0.0243407	0.000171874
1.69548	10	0.941935	0.000176152	0.0222821	0.000176295
1.69783	11	0.943239	0.000171326	0.0224116	0.000177557
1.70001	12	0.944449	0.00014703	0.0231957	0.000141857
1.70212	13	0.945621	0.000142102	0.0226576	0.000138715
1.70492	14	0.947177	0.00013746	0.0226575	0.000139525
1.70478	15	0.9471	0.000137427	0.0214216	0.000133802
1.70551	16	0.947506	0.000139661	0.0216422	0.000139642
1.70934	17	0.949632	0.000127593	0.0213174	0.000132225
1.70983	18	0.949906	0.000127939	0.0205292	0.000132372
1.71022	19	0.95012	0.00010621	0.0209256	9.64416e-05
1.71123	20	0.950684	0.000106072	0.0207388	9.76153e-05
1.71143	21	0.950792	0.000104491	0.0204814	9.59739e-05
1.71121	22	0.950675	0.000102693	0.021038	9.43357e-05
1.71186	23	0.951035	0.000101659	0.020725	9.47993e-05
1.71219	24	0.951219	9.59353e-05	0.0205419	8.71649e-05
1.71064	25	0.950356	0.000114109	0.020727	0.000103017
1.71042	26	0.950233	0.000121179	0.0208087	0.000109278
1.7101	27	0.950056	0.000121605	0.0212734	0.000110997
1.69494	0	0.916182	0.000263401	0.0441746	0.000304394
1.73174	1	0.936077	0.000170714	0.0349043	0.000206005
1.73492	2	0.937793	0.000172826	0.0358006	0.000195009
1.73424	3	0.937426	0.000161978	0.0376648	0.000188861
1.72683	4	0.93342	0.000165953	0.0384512	0.00020117
1.67396	5	0.904841	0.000240453	0.0461911	0.000280748
1.63643	6	0.884556	0.000321716	0.0496993	0.00029271
1.72012	7	0.929795	0.000195749	0.0275352	0.000185892
1.73503	8	0.937853	0.000173593	0.0239404	0.000161985
1.73766	9	0.939275	0.000172945	0.0244229	0.000171831
1.74201	10	0.941625	0.000149607	0.0241777	0.000139729
1.7438	11	0.942596	0.000152337	0.0229117	0.00013904
1.74639	12	0.943993	0.000141655	0.0232048	0.000135501
1.74808	13	0.944908	0.000141007	0.0221994	0.000132395
1.74998	14	0.945938	0.0001415	0.0221448	0.000135793
1.75243	15	0.94726	0.000135836	0.0222192	0.000136717
1.75441	16	0.948331	0.000128643	0.021178	0.000127806
1.75515	17	0.94873	0.000131017	0.0211392	0.000131239
1.75696	18	0.949708	0.0001041	0.02113	9.42335e-05
1.75786	19	0.950195	0.000102607	0.020869	9.36373e-05
1.75883	20	0.950721	0.000101088	0.0206146	9.21105e-05
1.7583	21	0.950432	0.000100593	0.0210669	9.18068e-05
1.75918	22	0.950906	9.86623e-05	0.0210187	9.10045e-05
1.7593	23	0.950971	9.70865e-05	0.0205705	8.78207e-05
1.75882	24	0.950713	9.76894e-05	0.0205586	8.83549e-05
1.75767	25	0.950092	0.000113009	0.0203451	0.00010016
1.75794	26	0.950237	0.000116325	0.0212315	0.000106533
1.75682	27	0.949633	0.000122734	0.0206407	0.000108647
1.74193	0	0.916803	0.000290356	0.0391708	0.000341798
1.77571	1	0.934583	0.000174402	0.0336758	0.000197909
1.78131	2	0.93753	0.000163164	0.035955	0.00018403
1.78204	3	0.937915	0.000161399	0.0364893	0.000184969
1.77261	4	0.932953	0.000158717	0.0376946	0.000187313
1.71921	5	0.904848	0.000229688	0.0467816	0.000270394
1.68118	6	0.884831	0.00030918	0.0494336	0.000279898
1.76766	7	0.930347	0.000184591	0.0269276	0.000172442
1.78125	8	0.937499	0.000200889	0.0250166	0.000220694
1.78348	9	0.938673	0.000167407	0.0245614	0.000164125
1.78647	10	0.940246	0.000171036	0.0233424	0.000167022
1.79018	11	0.942198	0.000150588	0.0231877	0.000138724
1.79121	12	0.94274	0.000144397	0.0235175	0.000135219
1.79517	13	0.944829	0.00013827	0.0233622	0.00013385
1.79817	14	0.946408	0.000134449	0.0219791	0.000131121
1.79836	15	0.946506	0.000135715	0.0223297	0.000134407
1.80169	16	0.948258	0.000123613	0.0211881	0.00012187
1.8017	17	0.948261	0.000129709	0.0209781	0.000127852
1.80345	18	0.949186	0.000122798	0.0212487	0.000125621
1.80483	19	0.94991	0.00010132	0.0205003	8.99264e-05
1.80503	20	0.950015	0.000101918	0.020728	9.15374e-05
1.80523	21	0.950121	0.000100597	0.0207379	9.02883e-05
1.80584	22	0.950444	9.87282e-05	0.0199132	8.81097e-05
1.80574	23	0.95039	9.59759e-05	0.0203982	8.59971e-05
1.80576	24	0.9504	9.61937e-05	0.0208368	8.6951e-05
1.80423	25	0.949593	0.000112972	0.0203948	9.9578e-05
1.80557	26	0.950302	0.000117971	0.020687	0.000105993
1.80411	27	0.949532	0.000119214	0.0206401	0.000106002
1.78552	0	0.915651	0.000295227	0.0413936	0.000353812
1.82241	1	0.934568	0.000164178	0.0355791	0.000192518
1.82565	2	0.936229	0.000212614	0.0328833	0.000246891
1.82838	3	0.93763	0.000187671	0.0357124	0.000238842
1.81741	4	0.932005	0.000160409	0.0368549	0.000182888
1.76304	5	0.904123	0.000220011	0.0445584	0.000245984
1.72252	6	0.883342	0.00032241	0.0490009	0.000300487
1.81243	7	0.929451	0.000211697	0.0265772	0.000210502
1.82753	8	0.937194	0.000188758	0.0255764	0.000207558
1.82767	9	0.937265	0.000170064	0.0262753	0.000169339
1.83087	10	0.938908	0.000177827	0.0251515	0.000179201
1.83543	11	0.941246	0.00017243	0.023046	0.00017418
1.83637	12	0.94173	0.000142823	0.0237744	0.000131981
1.84103	13	0.94412	0.000135818	0.0225561	0.000127492
1.84355	14	0.945412	0.000130199	0.0221671	0.00012321
1.84461	15	0.945952	0.000132375	0.0225406	0.000128479
1.84696	16	0.947157	0.000126866	0.0209028	0.000121627
1.84942	17	0.948419	0.000121446	0.0208392	0.000119169
1.84941	18	0.948416	0.00012365	0.0206326	0.000121011
1.85152	19	0.949498	0.000101725	0.0209411	9.11408e-05
1.85176	20	0.949621	0.00010071	0.0203101	8.85688e-05
1.85202	21	0.949754	9.97354e-05	0.0203673	8.79017e-05
1.85161	22	0.949544	0.000100253	0.0202686	8.74923e-05
1.85287	23	0.95019	9.64888e-05	0.0201308	8.50976e-05
1.85375	24	0.950639	9.27067e-05	0.0206773	8.44025e-05
1.85206	25	0.949774	0.000110628	0.0202166	9.74748e-05
1.85167	26	0.949574	0.000117911	0.0203073	0.000103906
1.8504	27	0.948922	0.000119101	0.020403	0.000103229
1.82938	0	0.914691	0.000281455	0.0427722	0.000337265
1.86768	1	0.933841	0.000164098	0.0337892	0.000182666
1.874	2	0.937002	0.000177791	0.0372842	0.000228537
1.87187	3	0.935934	0.000192783	0.0351704	0.000234488
1.86407	4	0.932033	0.000152093	0.0370701	0.000173222
1.80292	5	0.901459	0.000256641	0.0453472	0.000304124
1.76305	6	0.881526	0.000323072	0.048527	0.000287421
1.85946	7	0.929731	0.00020699	0.0260853	0.000202511
1.87135	8	0.935677	0.000166896	0.0245049	0.000153937
1.87226	9	0.936128	0.000166276	0.0273189	0.000165841
1.87718	10	0.93859	0.000167366	0.024596	0.000163547
1.88179	11	0.940894	0.00015924	0.0233491	0.000157891
1.87968	12	0.939842	0.000146848	0.0239159	0.000131766
1.88523	13	0.942617	0.000139963	0.0233524	0.000128939
1.88894	14	0.94447	0.000134358	0.0229526	0.000127406
1.89208	15	0.946039	0.000125641	0.0219464	0.000119818
1.8945	16	0.947248	0.000125846	0.0209575	0.000120445
1.89574	17	0.94787	0.000122128	0.0205401	0.000117138
1.89581	18	0.947904	0.000121326	0.0208162	0.000117939
1.89824	19	0.949121	9.96999e-05	0.0209791	8.9097e-05
1.8987	20	0.94935	0.000114834	0.0201989	0.000112552
1.89885	21	0.949427	9.89152e-05	0.0203573	8.70272e-05
1.89956	22	0.949778	9.71874e-05	0.020353	8.57831e-05
1.89981	23	0.949903	9.41838e-05	0.019992	8.23494e-05
1.89945	24	0.949726	9.37637e-05	0.0201992	8.26347e-05
1.89783	25	0.948913	0.000130236	0.0203569	0.000127919
1.89799	26	0.948994	0.000119335	0.0202075	0.000103196
1.89759	27	0.948793	0.000117676	0.0201146	0.00010132
1.86911	0	0.911762	0.000304641	0.0413938	0.000338627
1.91258	1	0.932967	0.000201794	0.0342511	0.000251009
1.91631	2	0.934784	0.000196214	0.0337231	0.000224266
1.91526	3	0.934275	0.000252288	0.0327031	0.000318759
1.90923	4	0.93133	0.000184299	0.03651	0.000230071
1.84125	5	0.898168	0.000252832	0.0449542	0.000282355
1.80366	6	0.879835	0.000325885	0.04905	0.000289654
1.9052	7	0.929366	0.000203761	0.0261794	0.000200679
1.9161	8	0.934682	0.00016723	0.0249072	0.000152453
1.91583	9	0.934552	0.000172178	0.026393	0.0001615
1.92159	10	0.937359	0.000170905	0.0250377	0.000165017
1.92681	11	0.939907	0.000162695	0.0252647	0.000167272
1.92349	12	0.93829	0.000153434	0.0264277	0.000142636
1.93175	13	0.942315	0.000139068	0.0226276	0.000125852
1.9348	14	0.943805	0.000130024	0.0227338	0.000119405
1.93726	15	0.945007	0.000129607	0.0221465	0.000122251
1.93971	16	0.946201	0.000123098	0.0211144	0.000115516
1.94217	17	0.947402	0.000117755	0.0208833	0.000113361
1.94275	18	0.947683	0.000117759	0.0212595	0.000115366
1.94364	19	0.948117	0.000101447	0.0207104	8.81304e-05
1.94421	20	0.948394	0.000113831	0.0201312	0.000108907
1.94614	21	0.949334	9.61756e-05	0.0202574	8.38284e-05
1.94603	22	0.949282	9.61514e-05	0.0202387	8.36851e-05
1.94657	23	0.949546	0.000110117	0.0200003	0.000107807
1.94655	24	0.949538	9.30713e-05	0.0199958	8.07182e-05
1.94583	25	0.949187	0.0001094	0.0200901	9.50499e-05
1.9454	26	0.948975	0.000116196	0.0199567	9.95445e-05
1.94367	27	0.948132	0.000118116	0.0203465	0.000100873
1.9098	0	0.909427	0.00029718	0.0438955	0.000329844
1.95637	1	0.931605	0.000192371	0.0344218	0.00023194
1.95822	2	0.932484	0.000198939	0.0352704	0.000223425
1.96012	3	0.933389	0.000188302	0.0356052	0.000215331
1.952	4	0.929522	0.000175319	0.0365786	0.000209609
1.88034	5	0.895398	0.000243796	0.048689	0.000275668
1.84127	6	0.876794	0.000330864	0.0516011	0.000291041
1.95029	7	0.928708	0.000202082	0.0257323	0.000194617
1.9609	8	0.933764	0.000182979	0.0260328	0.000186131
1.95907	9	0.932891	0.000168735	0.0266295	0.000155027
1.96517	10	0.935796	0.000160993	0.026025	0.000141072
1.97169	11	0.9389	0.000163484	0.0248101	0.000161754
1.96923	12	0.937728	0.000151253	0.0261573	0.000137513
1.9774	13	0.941621	0.000136277	0.0230991	0.000121704
1.97901	14	0.942384	0.00013447	0.0232738	0.000122277
1.98302	15	0.944293	0.000126839	0.0217948	0.000114093
1.98526	16	0.94536	0.000123604	0.0213456	0.000113359
1.98688	17	0.946132	0.000116462	0.0208053	0.000106514
1.98715	18	0.946261	0.000115583	0.02088	0.000107041
1.98825	19	0.946785	0.000117483	0.020944	0.000112203
1.98922	20	0.947248	0.000109362	0.0203964	0.000100481
1.99176	21	0.948456	0.000113226	0.0201664	0.000108891
1.99277	22	0.948938	9.5177e-05	0.0203875	8.29652e-05
1.99338	23	0.949226	9.51856e-05	0.0204348	8.31555e-05
1.99292	24	0.94901	9.33664e-05	0.0201987	8.04287e-05
1.99261	25	0.948861	0.00010946	0.0200978	9.44338e-05
1.99187	26	0.94851	0.000127788	0.0199735	0.000122074
1.99041	27	0.947814	0.000127272	0.0203607	0.000117968
1.94647	0	0.905337	0.000317738	0.0499618	0.000360765
1.99737	1	0.929011	0.000242539	0.032909	0.000305643
2.00174	2	0.931042	0.000235961	0.0344631	0.000284403
2.00306	3	0.931655	0.000236876	0.0361682	0.000300376
1.99629	4	0.928506	0.00017457	0.0357927	0.00020175
1.91553	5	0.890942	0.000280064	0.0502865	0.000324388
1.88037	6	0.87459	0.000330767	0.0548667	0.000293169
1.99735	7	0.929001	0.00019841	0.0260406	0.000192621
2.00416	8	0.932166	0.000185722	0.0270698	0.000188237
2.0002	9	0.930324	0.000184017	0.0296832	0.000174307
2.01244	10	0.936017	0.000169753	0.0264452	0.000163991
2.01444	11	0.936947	0.000165695	0.0245857	0.00015619
2.01323	12	0.936385	0.000158931	0.0256821	0.00014035
2.02174	13	0.940346	0.000140119	0.0231891	0.000123733
2.02324	14	0.941042	0.000135292	0.0232973	0.000121146
2.02792	15	0.943221	0.000127856	0.0227072	0.000116953
2.03197	16	0.945104	0.000118747	0.0212356	0.000107595
2.03229	17	0.945253	0.000119843	0.0219	0.000112431
2.03294	18	0.945552	0.000111239	0.0219238	0.000102748
2.03334	19	0.94574	0.0001041	0.0220168	8.98038e-05
2.03384	20	0.945972	0.000101313	0.0214794	8.61126e-05
2.03892	21	0.948337	0.000111559	0.020037	0.000106135
2.03775	22	0.947792	9.62947e-05	0.0203921	8.24303e-05
2.04002	23	0.948847	9.31112e-05	0.0200387	8.02684e-05
2.04047	24	0.949054	9.07044e-05	0.0198774	7.753e-05
2.03988	25	0.948783	0.000121442	0.0198742	0.000116801
2.0383	26	0.948044	0.000116714	0.0204519	0.000100363
2.03694	27	0.947415	0.000125757	0.0200526	0.000117508
1.98859	0	0.903904	0.000311168	0.0483049	0.000336292
2.03951	1	0.927052	0.000232703	0.0347281	0.000287941
2.04493	2	0.929515	0.000225428	0.0350932	0.000263631
2.04577	3	0.929896	0.000229395	0.0365886	0.000279412
2.0379	4	0.926316	0.000173259	0.0378406	0.00019731
1.95382	5	0.8881	0.000271469	0.0533105	0.00031334
1.91397	6	0.869986	0.000343272	0.0560694	0.000293516
2.04038	7	0.927446	0.000201472	0.0255117	0.000188535
2.04749	8	0.930679	0.000196616	0.027026	0.000192123
2.04303	9	0.928651	0.000178533	0.0312434	0.000162092
2.05467	10	0.93394	0.000169257	0.0276071	0.000158859
2.05927	11	0.936033	0.000163981	0.0234259	0.000146485
2.05667	12	0.93485	0.000164386	0.0269708	0.00014668
2.06512	13	0.93869	0.000142061	0.0242515	0.000124663
2.06714	14	0.939608	0.000136738	0.024435	0.00012193
2.07353	15	0.942515	0.000126287	0.0230015	0.000113482
2.0767	16	0.943955	0.000121594	0.0214826	0.000109185
2.07562	17	0.943464	0.000121615	0.0221871	0.000108847
2.07578	18	0.943536	0.000116651	0.0221697	0.000105574
2.07745	19	0.944295	0.000115985	0.021609	0.00010566
2.07876	20	0.944892	0.000111191	0.0219012	0.000101884
2.08602	21	0.948189	0.000108603	0.0201296	0.000103296
2.08448	22	0.947489	0.000102922	0.0208653	9.69581e-05
2.08625	23	0.948294	9.30091e-05	0.0200439	7.95376e-05
2.08639	24	0.948357	0.000103847	0.019696	9.78511e-05
2.08656	25	0.948436	0.000121491	0.0197738	0.000114869
2.08517	26	0.947804	0.000124272	0.0199261	0.0001172
2.08253	27	0.946605	0.000123448	0.0202843	0.000112661
2.02628	0	0.900571	0.000323587	0.0547045	0.000368092
2.08043	1	0.924634	0.000229586	0.0358684	0.000273945
2.08409	2	0.926262	0.000278404	0.0352218	0.000345143
2.08781	3	0.927915	0.00027294	0.0340124	0.000337567
2.07973	4	0.924325	0.000175661	0.0384011	0.000193569
1.98839	5	0.883728	0.000247302	0.0589375	0.000268667
1.95089	6	0.867061	0.000352861	0.0600511	0.000321281
2.08844	7	0.928198	0.000187186	0.0256972	0.000178462
2.09195	8	0.929756	0.000189157	0.0276016	0.000182854
2.08621	9	0.927204	0.000197901	0.0298887	0.000178475
2.0987	10	0.932756	0.000181758	0.0273991	0.000169949
2.10189	11	0.934172	0.000158169	0.0269232	0.000140466
2.10134	12	0.933927	0.000166017	0.0275734	0.000149138
2.10914	13	0.937395	0.000146355	0.0251897	0.000129033
2.11003	14	0.937793	0.000143999	0.0250528	0.000126749
2.1176	15	0.941156	0.000129754	0.0231889	0.000113759
2.1211	16	0.942712	0.000120167	0.0224674	0.000107282
2.12037	17	0.942388	0.000113627	0.0240006	9.98411e-05
2.11857	18	0.941586	0.000115094	0.0236344	9.83463e-05
2.12068	19	0.942523	0.000117176	0.0223325	0.000104502
2.12253	20	0.943346	0.000103798	0.0234479	8.90725e-05
2.13247	21	0.947762	0.000108643	0.0203096	0.000103412
2.1287	22	0.946091	0.00010565	0.0212406	9.78602e-05
2.13286	23	0.947938	0.000103888	0.0201699	9.85196e-05
2.13227	24	0.947674	9.21855e-05	0.0206407	7.85085e-05
2.13312	25	0.948051	0.000120688	0.0198066	0.000112903
2.12981	26	0.946584	0.00011653	0.0209593	9.95975e-05
2.12769	27	0.945641	0.000126556	0.0214293	0.000117423
2.06206	0	0.896549	0.00030253	0.0595337	0.00032721
2.12255	1	0.922846	0.000226106	0.0386928	0.000273166
2.12635	2	0.924501	0.00026434	0.0376056	0.000327513
2.1312	3	0.926607	0.00021086	0.0382486	0.000245005
2.1216	4	0.922433	0.000204255	0.0386805	0.00024339
2.02133	5	0.878839	0.000250531	0.0658656	0.00027896
1.98158	6	0.861557	0.00037204	0.0664085	0.000335389
2.13337	7	0.927553	0.000185559	0.0255289	0.000173489
2.13223	8	0.927057	0.0002	0.0298038	0.000192708
2.12853	9	0.925449	0.00019582	0.0331603	0.000181909
2.14175	10	0.931198	0.000175377	0.0280665	0.000154464
2.14444	11	0.932367	0.000167774	0.0277642	0.00014458
2.1431	12	0.931783	0.000176438	0.0286034	0.000157165
2.15242	13	0.935835	0.000151528	0.0261798	0.000134677
2.15347	14	0.936291	0.000146492	0.0278661	0.000135401
2.16075	15	0.939458	0.00013352	0.0240841	0.00011787
2.16549	16	0.941515	0.000126222	0.0234305	0.000114972
2.16322	17	0.94053	0.000120264	0.025025	0.000105547
2.16193	18	0.939969	0.000119763	0.0257684	0.000104926
2.16384	19	0.940802	0.000115077	0.0245719	0.000100641
2.16428	20	0.940989	0.000111159	0.0253265	9.77382e-05
2.17802	21	0.946967	0.000107095	0.0199292	9.83194e-05
2.17126	22	0.944026	0.000102101	0.0223164	8.68306e-05
2.17756	23	0.946766	9.18296e-05	0.0206983	7.70867e-05
2.17839	24	0.947124	9.15159e-05	0.0208624	7.81945e-05
2.17999	25	0.94782	0.000115849	0.0198439	0.00010826
2.17449	26	0.94543	0.000127224	0.0209211	0.000115751
2.17222	27	0.944445	0.000125607	0.0216428	0.000112486
