0.185524 0.000105571 -1.34322e-05 
0.328676 -0.00421754 1.71917e-05 
0.170646 -0.000492232 1.86776e-06 
1.00593 -0.0230958 0.000154239 
-0.735824 0.0324054 -0.000270592 
0.576672 -0.0103287 6.06785e-05 
-0.259716 0.017531 -0.000163538 
0.344918 -0.00462967 1.96954e-05 
0.0173167 0.00493175 -5.04544e-05 
-0.248182 0.0114499 -7.82916e-05 
0.26902 -0.00204618 -2.58605e-06 
0.422253 -0.00764069 4.68789e-05 
0.339513 -0.0072654 6.83613e-05 
-0.664755 0.0237079 -0.000165736 
-0.709117 0.0309071 -0.000258277 
0.623862 -0.0139315 9.62593e-05 
0.802905 -0.0155889 9.68545e-05 
0.823794 -0.0175351 0.000113461 
0.8476 -0.0197586 0.000132387 
0.927089 -0.0207231 0.000139199 
0.764069 -0.0160613 0.000100152 
0.403935 -0.00582293 3.92468e-05 
0.318128 -0.00450275 2.08621e-05 
0.728051 -0.015415 0.000113862 
0.139504 0.00146052 -2.21291e-05 
0.465072 -0.00783328 5.41173e-05 
0.0773835 0.00315231 -3.32244e-05 
-0.0222278 0.00576325 -5.39425e-05 
0.245158 -7.51821e-05 -1.67042e-05 
0.162216 -0.000529277 -3.87469e-06 
0.565487 -0.0143202 0.000115376 
0.0906068 0.00274643 -3.27878e-05 
0.54033 -0.010953 7.16768e-05 
-0.209341 0.0114647 -9.22081e-05 
1.47296 -0.0404814 0.000303383 
2.02404 -0.0590076 0.000485789 
0.544071 -0.0104083 6.01009e-05 
0.183964 0.000125707 -1.37522e-05 
-0.71804 0.0267802 -0.000207561 
-2.90129 0.0979036 -0.000744482 
0.13855 -0.00104273 3.20219e-05 
0.972214 -0.0227717 0.000151462 
-0.256006 0.0184163 -0.000149182 
0.483439 -0.006785 3.44144e-05 
0.501996 -0.0113692 8.18231e-05 
0.121759 0.00438021 -2.90401e-05 
-0.491674 0.0217735 -0.000178689 
0.0647484 0.00603205 -5.92655e-05 
0.186846 -0.000916012 -2.88391e-06 
0.371019 -0.00649278 3.77875e-05 
0.450841 -0.00864941 5.39031e-05 
-0.108472 0.00856433 -7.53953e-05 
0.212682 -0.00149599 6.08135e-07 
0.262683 -0.00302274 1.16947e-05 
0.40658 -0.00647965 3.0303e-05 
0.41994 -0.00734758 4.14786e-05 
0.67405 -0.0147512 9.35755e-05 
0.345451 -0.00494783 2.43129e-05 
0.557438 -0.0112236 6.92731e-05 
0.537247 -0.010997 6.94701e-05 
-0.352613 0.016695 -0.000142165 
0.837394 -0.0199082 0.000133131 
0.240699 -0.00232452 6.85088e-06 
0.309451 -0.00387386 1.38096e-05 
0.52991 -0.0105078 6.46219e-05 
0.448827 -0.00850964 5.1902e-05 
0.061124 0.00353128 -3.69647e-05 
0.331343 -0.0044869 1.81746e-05 
0.760836 -0.0175355 0.000115639 
0.33393 -0.00391668 1.00563e-05 
0.141936 0.000505623 -1.2875e-05 
0.599589 -0.0114946 6.32546e-05 
0.577852 -0.0117068 7.13883e-05 
0.772449 -0.0180502 0.000122022 
0.354068 -0.00501936 2.27313e-05 
0.586412 -0.0108479 6.17913e-05 
0.501321 -0.00895772 4.86312e-05 
0.190857 -0.00028792 -1.13603e-05 
0.824417 -0.0192745 0.000127475 
0.915007 -0.0219997 0.000149574 
1.12191 -0.0277007 0.000188282 
0.799427 -0.0182429 0.000118775 
0.236696 -0.00129066 -6.04547e-06 
0.701508 -0.0155751 9.99642e-05 
0.338458 -0.00388238 9.5455e-06 
0.628064 -0.0134948 8.63771e-05 
0.672918 -0.0151518 0.000101905 
0.163845 -7.48656e-05 -1.02408e-05 
0.13256 0.00104319 -1.90667e-05 
0.56586 -0.0114598 6.95375e-05 
0.628352 -0.0136803 8.84713e-05 
0.453147 -0.00812455 4.45241e-05 
0.636379 -0.0144665 9.782e-05 
0.877578 -0.0194225 0.000119293 
0.134286 0.000842764 -1.7082e-05 
0.344067 -0.00478067 1.92224e-05 
