0.14047 -0.000669768 -4.75595e-06 3.72299e-08 1.8292e-10 0.135908 0.000650827 -5.17359e-06 -4.67727e-08 4.51966e-10 0.102602 4.13603e-05 -7.13839e-06 -1.28364e-08 5.41322e-10 
0.13098 -0.000607087 -2.70652e-06 3.20321e-08 8.05345e-11 0.125152 0.000492066 -3.27378e-06 -1.61266e-08 1.35409e-10 0.0962291 -3.06242e-05 -5.14133e-06 7.74932e-09 2.69387e-10 
0.12578 -0.000435787 -4.32853e-06 1.28226e-08 3.26789e-10 0.120193 0.00052851 -1.33835e-06 -1.5647e-08 2.6558e-11 0.0945798 -1.93597e-05 -5.3268e-06 6.96103e-09 3.20504e-10 
0.126976 -0.000536509 -4.72324e-06 2.64338e-08 3.23178e-10 0.124171 0.000523431 -1.37479e-06 -2.33969e-08 -3.67659e-13 0.094334 -7.37596e-05 -4.96355e-06 8.80469e-09 3.32599e-10 
0.116772 -0.000565268 -2.89636e-06 2.93722e-08 1.84006e-10 0.115634 0.000627611 -1.52285e-06 -3.74576e-08 -2.22999e-11 0.0849721 -3.05637e-05 -3.82645e-06 5.95418e-09 2.44173e-10 
0.130542 -0.000547267 -3.78745e-06 2.56195e-08 2.32259e-10 0.13526 0.000600925 -4.32553e-06 -2.98849e-08 1.88145e-10 0.0971945 -7.51498e-06 -5.1993e-06 2.93097e-09 3.04749e-10 
0.110823 -0.000517195 -2.06104e-06 2.06697e-08 1.07081e-10 0.12151 0.000627082 -2.65987e-06 -3.34808e-08 1.09151e-10 0.0885476 -1.56143e-05 -5.36567e-06 1.84896e-10 3.38532e-10 
0.121383 -0.000609053 -1.00948e-06 3.0094e-08 1.03618e-11 0.114998 0.000487219 -1.16955e-06 -1.30079e-08 5.25442e-11 0.0859688 -5.121e-05 -2.25939e-06 6.61741e-09 1.05618e-10 
0.123459 -0.000493458 -6.17215e-06 1.53192e-08 5.70025e-10 0.116766 0.0006593 -2.3434e-06 -4.52575e-08 9.07988e-11 0.0942632 1.51992e-05 -7.5494e-06 -3.86778e-09 5.39358e-10 
0.121927 -0.000670389 -7.32974e-08 3.0011e-08 -7.7364e-11 0.131392 0.000655949 -3.77562e-06 -3.43577e-08 1.82086e-10 0.0969745 -2.0047e-05 -6.60978e-06 -7.58416e-11 4.54918e-10 
0.126377 -0.000536699 -4.75868e-06 1.79866e-08 2.88742e-10 0.121368 0.000448168 -3.57137e-06 -1.5294e-08 1.94543e-10 0.0941231 1.53851e-08 -6.05413e-06 -3.6307e-09 3.80398e-10 
0.122191 -0.000582658 -7.38818e-07 3.3019e-08 -1.02113e-10 0.115364 0.000635147 -6.74573e-07 -3.16621e-08 -5.18059e-11 0.0911232 8.14802e-05 -4.36237e-06 -5.16952e-09 2.27047e-10 
0.132028 -0.00047869 -5.54959e-06 2.10806e-08 3.41103e-10 0.137475 0.000471592 -5.54892e-06 -2.01936e-08 2.90849e-10 0.106807 -3.54886e-05 -8.85722e-06 3.98341e-09 5.99844e-10 
0.121382 -0.000496531 -3.47971e-06 1.86946e-08 1.81122e-10 0.120608 0.00055339 -2.46699e-06 -2.45988e-08 8.30817e-11 0.0928976 2.75997e-05 -6.02253e-06 -2.44469e-09 3.73078e-10 
0.116601 -0.000644348 -1.02192e-06 2.95949e-08 1.61452e-11 0.129907 0.000658884 -4.37645e-06 -4.12588e-08 2.47043e-10 0.0883386 -1.01761e-05 -4.79241e-06 -3.65505e-09 2.95123e-10 
0.130968 -0.000639877 -1.52575e-06 3.54106e-08 -5.82435e-11 0.124011 0.000572931 -4.17902e-06 -2.87304e-08 2.50777e-10 0.0980086 6.06314e-05 -7.17095e-06 -4.93321e-09 4.62822e-10 
0.124595 -0.000607763 -8.73189e-07 3.1369e-08 -1.07313e-11 0.125577 0.00049696 -4.05794e-06 -2.72652e-08 2.01429e-10 0.098125 1.21302e-05 -5.78991e-06 -2.36414e-09 3.4608e-10 
0.129218 -0.000487606 -3.1598e-06 2.71713e-08 1.3961e-10 0.127049 0.000589148 -3.22079e-06 -3.0665e-08 1.14485e-10 0.0943312 1.99725e-05 -4.76506e-06 2.34443e-09 2.95918e-10 
0.125168 -0.000539951 -3.36105e-06 2.47211e-08 1.13009e-10 0.127144 0.00057887 -4.21841e-06 -3.61184e-08 1.48041e-10 0.0963916 2.44427e-05 -6.76785e-06 -4.58156e-09 4.15751e-10 
0.125339 -0.000587139 -5.00035e-06 3.75901e-08 2.97846e-10 0.117602 0.000515098 -2.70349e-06 -2.08906e-08 1.4346e-10 0.0905576 -6.86682e-05 -5.72374e-06 1.01565e-08 4.27752e-10 
0.12359 -0.000639214 -1.68965e-06 3.24628e-08 -1.00599e-11 0.114364 0.000546238 -7.8765e-07 -1.85503e-08 3.52668e-11 0.092455 3.12866e-05 -6.32501e-06 -5.06126e-09 3.85662e-10 
0.127835 -0.000667494 -4.57368e-06 3.35887e-08 4.20341e-10 0.124772 0.000566836 -3.47645e-06 -2.57946e-08 2.33443e-10 0.0969392 -4.91954e-05 -5.74267e-06 7.97693e-09 3.79742e-10 
0.122756 -0.000515213 -3.19133e-06 2.2793e-08 1.80596e-10 0.12006 0.000558092 -5.6098e-06 -3.07109e-08 4.01198e-10 0.0943051 0.000107656 -7.59639e-06 -1.07102e-08 5.42427e-10 
0.124899 -0.000585903 -2.99731e-06 2.65779e-08 1.29096e-10 0.118735 0.000594651 -2.16372e-06 -3.12994e-08 6.05909e-11 0.0930594 3.6902e-05 -5.69882e-06 -3.18425e-09 3.27702e-10 
0.130956 -0.000645776 -9.91222e-07 4.01695e-08 -4.78803e-11 0.119867 0.000545847 -5.73962e-06 -2.77163e-08 5.58211e-10 0.095329 9.6921e-05 -7.11054e-06 -1.17247e-08 5.72036e-10 
0.130879 -0.000502037 -4.03108e-06 2.5348e-08 2.22403e-10 0.117354 0.000606566 -7.94511e-07 -2.95037e-08 -2.12014e-11 0.0937022 6.43337e-05 -5.1812e-06 -2.76971e-09 3.32165e-10 
0.127434 -0.000566901 -5.96505e-06 3.73532e-08 4.28273e-10 0.125044 0.000551039 -4.48133e-06 -3.06061e-08 2.21806e-10 0.0955732 -8.14179e-06 -6.29645e-06 4.74241e-09 4.52888e-10 
0.124929 -0.000562342 -3.32149e-06 2.77914e-08 1.60214e-10 0.122398 0.000560744 -4.52673e-06 -2.77863e-08 3.07528e-10 0.0924915 2.46818e-05 -5.79663e-06 -2.54807e-09 3.94626e-10 
0.131847 -0.000592637 -5.6235e-06 1.95826e-08 3.73374e-10 0.133653 0.000656813 -4.6489e-06 -3.73697e-08 1.9473e-10 0.10129 6.47942e-06 -8.61896e-06 -6.07528e-09 5.96825e-10 
0.128433 -0.00063047 -3.13564e-06 3.58655e-08 1.34805e-10 0.133114 0.000547424 -2.69005e-06 -1.75549e-08 6.02407e-11 0.0998697 -3.71196e-05 -6.23251e-06 6.60603e-09 3.87849e-10 
0.130864 -0.00066077 -4.64071e-06 3.64722e-08 3.51441e-10 0.132041 0.000576032 -5.10679e-06 -2.86335e-08 3.34952e-10 0.0988857 -8.5014e-05 -7.05477e-06 1.09527e-08 5.12564e-10 
0.116959 -0.00048393 -2.30411e-06 2.24505e-08 6.98657e-11 0.123909 0.000598379 -3.02512e-06 -3.65162e-08 2.12686e-10 0.0892274 -1.65686e-05 -4.00601e-06 -2.77053e-09 2.88005e-10 
0.115085 -0.000392233 -3.52835e-06 2.76034e-09 2.65885e-10 0.118649 0.000527489 -3.89069e-06 -2.28834e-08 3.43592e-10 0.0886088 0.000105021 -5.93452e-06 -1.70464e-08 4.29284e-10 
0.128735 -0.000468239 -3.34337e-06 2.43266e-08 1.27512e-10 0.117001 0.000602456 -6.78563e-07 -3.37739e-08 -4.62065e-11 0.0934916 1.44735e-05 -5.61136e-06 2.6591e-09 3.82035e-10 
0.129769 -0.000584753 -3.99774e-06 2.78055e-08 2.50641e-10 0.122844 0.000674202 -2.35002e-06 -4.38737e-08 1.08551e-10 0.0984841 2.42391e-05 -7.02419e-06 4.96713e-10 4.78959e-10 
0.118241 -0.000523871 8.26214e-08 2.93394e-08 -8.74576e-11 0.128619 0.000520994 -3.44397e-06 -2.7479e-08 1.60164e-10 0.0933523 -3.99405e-06 -4.56384e-06 2.70082e-09 3.26951e-10 
0.125154 -0.000574163 -3.88838e-06 2.57309e-08 2.31346e-10 0.130716 0.00050777 -4.39561e-06 -2.24257e-08 2.90552e-10 0.0958242 -5.06162e-05 -6.22075e-06 -1.01389e-09 4.9794e-10 
0.121583 -0.000685863 -1.24536e-06 4.2132e-08 -1.57926e-11 0.116365 0.000491687 -3.44183e-06 -2.80966e-08 2.24449e-10 0.0927026 -2.24566e-05 -6.34931e-06 2.84172e-09 4.40403e-10 
0.126994 -0.000625881 -2.46941e-06 2.7441e-08 1.50213e-10 0.124564 0.000715104 -2.64819e-06 -3.93643e-08 1.10081e-10 0.0901035 8.79203e-05 -4.17663e-06 -1.04094e-08 2.86638e-10 
0.120656 -0.000671361 -2.60073e-06 4.14464e-08 1.22844e-10 0.126014 0.00064959 -3.11275e-06 -3.78738e-08 1.42194e-10 0.087535 -1.93811e-05 -4.48708e-06 2.45169e-09 3.47362e-10 
0.12984 -0.000582392 -2.91587e-06 3.55857e-08 3.46707e-11 0.13014 0.000540924 -4.76388e-06 -3.60022e-08 3.56706e-10 0.0980433 -1.48316e-05 -3.88751e-06 1.44656e-09 1.84957e-10 
0.129403 -0.000526486 -3.66005e-06 2.78506e-08 1.98917e-10 0.116096 0.000494873 -3.93487e-06 -2.48736e-08 2.55944e-10 0.09378 0.00012313 -6.5033e-06 -1.03626e-08 4.53113e-10 
0.127096 -0.000505946 -4.38006e-06 1.69517e-08 2.62337e-10 0.1251 0.000705136 -1.32607e-06 -4.39207e-08 -2.15027e-11 0.0945325 3.39756e-05 -5.68178e-06 -7.52722e-09 3.80377e-10 
0.128767 -0.000627193 -4.57029e-06 3.06613e-08 2.9464e-10 0.123212 0.000587383 -2.50973e-06 -3.06855e-08 6.59536e-11 0.0938783 2.31237e-06 -5.4097e-06 -2.96124e-11 3.48156e-10 
0.122833 -0.000574037 -3.87519e-06 2.55607e-08 2.3613e-10 0.116275 0.000668987 -2.76057e-06 -4.24486e-08 1.5307e-10 0.0923955 5.43401e-06 -7.70958e-06 6.45548e-10 5.68999e-10 
0.126456 -0.000590073 -3.80424e-06 3.21376e-08 2.51519e-10 0.125132 0.000548263 -4.63718e-06 -2.64062e-08 3.59254e-10 0.0964623 1.05968e-05 -8.32088e-06 4.12047e-09 6.7825e-10 
0.145576 -0.000744371 -4.97431e-06 4.74417e-08 1.91504e-10 0.124619 0.000670671 -1.65851e-06 -3.65679e-08 4.22813e-11 0.105038 6.76306e-06 -7.22513e-06 -3.88118e-10 4.77037e-10 
0.126957 -0.000602025 -4.58072e-06 3.26057e-08 2.77408e-10 0.137574 0.000623341 -3.81818e-06 -2.99924e-08 2.02842e-10 0.0983718 -6.73152e-05 -6.6547e-06 4.48634e-09 4.73229e-10 
0.130655 -0.000672616 -4.64904e-06 3.63165e-08 3.56292e-10 0.130127 0.000786612 -1.46489e-06 -5.3599e-08 -1.87386e-11 0.0986734 -2.3981e-06 -6.9498e-06 2.63149e-10 5.43891e-10 
0.123579 -0.000528861 -3.84572e-06 3.08815e-08 1.54938e-10 0.112987 0.000565478 -3.21399e-06 -3.11469e-08 1.82347e-10 0.0881838 5.35635e-05 -4.6352e-06 -5.27784e-09 2.98851e-10 
0.119815 -0.000578061 -3.83633e-06 3.4056e-08 2.2617e-10 0.121417 0.000682402 -4.82254e-06 -4.34159e-08 3.86489e-10 0.0903398 1.77885e-05 -6.70771e-06 -2.02208e-09 5.14513e-10 
0.122717 -0.000549296 -3.05283e-06 2.4566e-08 1.63884e-10 0.126667 0.000668949 -2.73248e-06 -3.57364e-08 1.72947e-10 0.0903331 -1.17911e-05 -4.81409e-06 1.12881e-09 3.48251e-10 
0.117837 -0.000558417 -1.94131e-06 2.47142e-08 2.90578e-11 0.136044 0.000770697 -4.71992e-06 -4.87184e-08 3.41553e-10 0.096638 -1.57785e-05 -7.39e-06 -5.33272e-09 5.16158e-10 
0.121227 -0.000584251 -3.36765e-06 3.00221e-08 1.31385e-10 0.12639 0.000640863 -2.75856e-06 -3.64111e-08 9.73206e-11 0.0927591 -4.47708e-05 -6.74686e-06 4.03419e-09 4.48546e-10 
0.126619 -0.000639796 -2.88418e-06 4.56398e-08 1.72124e-10 0.136822 0.000454342 -9.00257e-06 -2.21857e-08 6.42519e-10 0.105184 -3.31003e-05 -8.9528e-06 9.05629e-09 6.84906e-10 
0.115312 -0.000558393 -8.92468e-07 3.13404e-08 8.2645e-12 0.121598 0.000642339 -2.06289e-06 -3.79356e-08 8.70463e-11 0.0885041 -4.44537e-05 -4.15316e-06 6.99601e-09 2.8465e-10 
0.118183 -0.000563139 -9.46761e-07 2.33233e-08 -6.11336e-11 0.125521 0.000628772 -1.9653e-06 -3.71189e-08 8.85296e-11 0.0935504 -1.81188e-05 -5.91818e-06 -5.37795e-09 4.23464e-10 
0.11474 -0.000534033 -1.41304e-06 2.49246e-08 7.66726e-11 0.130303 0.000517446 -3.50966e-06 -2.8542e-08 1.22257e-10 0.0902872 -4.42983e-05 -4.76311e-06 1.72156e-09 3.64267e-10 
0.119353 -0.000623591 -2.31466e-07 2.96037e-08 -6.95824e-11 0.135577 0.000584641 -2.6044e-06 -2.86755e-08 5.75275e-11 0.0952359 -7.98402e-05 -4.88455e-06 4.84297e-09 3.08965e-10 
0.115905 -0.000611871 -3.54713e-07 3.28031e-08 -1.5255e-13 0.12963 0.000464839 -4.07683e-06 -1.6172e-08 2.48122e-10 0.092696 -9.8654e-05 -5.30523e-06 9.70798e-09 3.89975e-10 
0.125424 -0.000629548 -5.74387e-06 3.20348e-08 4.58342e-10 0.120165 0.000542365 -4.17649e-06 -2.75193e-08 2.21466e-10 0.0911686 2.31021e-05 -5.24793e-06 -2.42767e-09 3.44391e-10 
0.112626 -0.000638381 -2.27691e-07 4.11875e-08 -1.48847e-10 0.122018 0.000557953 -3.66768e-06 -2.8518e-08 2.3124e-10 0.0896909 -2.14749e-05 -5.7352e-06 -8.98917e-10 4.16943e-10 
0.125361 -0.000602483 -3.29184e-06 4.03241e-08 1.57368e-10 0.115185 0.000707865 -6.54769e-07 -5.27291e-08 -4.79078e-11 0.0899949 1.76813e-05 -5.21898e-06 -1.30445e-09 4.09094e-10 
0.120917 -0.00049327 -3.71983e-06 1.09231e-08 2.47241e-10 0.115989 0.000694933 -1.53492e-06 -3.94337e-08 3.72928e-11 0.0860079 4.32697e-05 -5.00992e-06 -5.20513e-09 3.34061e-10 
0.11834 -0.000667711 -2.88353e-06 4.0891e-08 1.29287e-10 0.124123 0.000570604 -2.43341e-06 -2.80821e-08 6.64903e-11 0.0917182 -5.1834e-05 -5.26288e-06 5.46037e-09 3.05237e-10 
0.126178 -0.000687869 -3.99605e-06 3.71812e-08 2.0918e-10 0.124234 0.000574363 -2.33204e-06 -2.43873e-08 7.12424e-11 0.0929538 -2.69974e-05 -5.05419e-06 1.46674e-09 2.81944e-10 
0.121773 -0.000673533 -2.80289e-06 4.03549e-08 1.0087e-10 0.121519 0.000681713 -3.39919e-06 -4.0159e-08 2.13721e-10 0.0930351 2.70735e-05 -6.5144e-06 -5.86876e-09 4.44054e-10 
0.130716 -0.000610129 -4.85096e-06 2.85782e-08 2.98832e-10 0.114998 0.000575018 1.09471e-06 -3.10842e-08 -2.62657e-10 0.0923416 -0.000104227 -5.37217e-06 1.13573e-08 3.39379e-10 
0.126681 -0.000601487 -5.54483e-06 3.22641e-08 3.22742e-10 0.126809 0.000632437 -2.34754e-06 -3.2675e-08 7.93784e-11 0.0969471 -2.27314e-05 -7.27115e-06 1.94024e-09 4.60938e-10 
0.118116 -0.000497525 -5.02649e-06 1.91693e-08 4.4206e-10 0.131068 0.000552888 -4.02576e-06 -2.24638e-08 2.65137e-10 0.0936341 -0.000141726 -5.84498e-06 1.41999e-08 3.99558e-10 
0.120685 -0.00045838 -4.67052e-06 1.83701e-08 2.88247e-10 0.119061 0.000572712 -3.16994e-06 -3.00189e-08 2.04469e-10 0.0932797 1.13526e-05 -6.60774e-06 9.40205e-11 4.52561e-10 
0.138081 -0.000672873 -6.16191e-06 3.89489e-08 3.59307e-10 0.136872 0.000631835 -3.5089e-06 -3.41206e-08 7.25446e-11 0.10103 -9.05658e-05 -7.6205e-06 1.18584e-08 5.16519e-10 
0.114821 -0.000565943 -9.99929e-07 3.39117e-08 -7.32881e-12 0.116482 0.000593843 -1.0895e-06 -3.35634e-08 -9.48789e-11 0.0897461 5.68077e-05 -4.9509e-06 -6.45689e-09 3.27442e-10 
0.117966 -0.000563294 -2.48454e-06 2.44126e-08 1.54317e-10 0.120367 0.000590762 -2.23247e-06 -3.58527e-08 1.1177e-11 0.0907012 -3.1441e-05 -5.12687e-06 4.83503e-09 3.25057e-10 
0.120005 -0.000581735 -1.77772e-06 2.86417e-08 3.83777e-11 0.118082 0.000617363 -1.18734e-06 -3.18022e-08 -5.97489e-12 0.0886297 2.75903e-05 -3.88688e-06 -5.12025e-09 2.48901e-10 
0.116121 -0.000577501 -1.86972e-06 3.10969e-08 4.97059e-11 0.114503 0.00053194 -1.03642e-06 -2.31032e-08 -7.3078e-11 0.0860888 -4.77773e-05 -3.50834e-06 7.00026e-09 1.67513e-10 
0.11994 -0.000595746 -3.55184e-06 3.40755e-08 2.74164e-10 0.112215 0.000622905 -6.10988e-07 -4.03592e-08 6.47789e-11 0.0872268 5.56435e-06 -5.84759e-06 -7.47685e-10 5.17275e-10 
0.120657 -0.000655137 -2.28412e-06 4.24702e-08 1.39808e-10 0.115789 0.000570464 -3.07217e-06 -3.21902e-08 1.6641e-10 0.0922448 -6.68767e-06 -6.89134e-06 2.60591e-09 5.51065e-10 
0.123093 -0.000619203 -3.59958e-06 3.19589e-08 2.46476e-10 0.126278 0.000613348 -1.58689e-06 -3.01138e-08 -7.14949e-11 0.0909888 -6.91221e-05 -4.02211e-06 1.1267e-08 2.08343e-10 
0.122411 -0.000578925 -3.35318e-06 2.94151e-08 2.01385e-10 0.120893 0.000539359 -3.27766e-06 -2.67669e-08 1.74944e-10 0.0939557 -4.20936e-05 -6.42561e-06 4.98769e-09 4.27884e-10 
0.124271 -0.000513379 -3.71238e-06 2.34137e-08 2.01805e-10 0.128261 0.000582986 -3.37388e-06 -3.01057e-08 1.11922e-10 0.0961362 -7.89845e-06 -6.20632e-06 2.49558e-10 4.33797e-10 
0.126085 -0.000620128 -4.00119e-06 3.70379e-08 1.79543e-10 0.129949 0.000676567 -3.54013e-06 -3.89466e-08 1.12483e-10 0.0929489 1.94259e-05 -4.75693e-06 7.58173e-10 2.57766e-10 
0.123281 -0.000633058 -2.12659e-06 4.01928e-08 6.39265e-11 0.126789 0.000684566 -1.97261e-06 -4.59829e-08 2.06711e-11 0.0930246 2.30186e-05 -3.82263e-06 -7.71312e-10 2.52564e-10 
0.132802 -0.000684444 -2.07115e-06 4.14911e-08 1.059e-10 0.125263 0.00064475 -9.42698e-07 -2.57938e-08 1.54578e-11 0.0966674 2.59411e-05 -4.94692e-06 5.3499e-09 3.22987e-10 
0.116552 -0.000662144 -1.5537e-06 3.63339e-08 -2.72749e-11 0.111909 0.00056502 7.94251e-07 -2.10008e-08 -1.37926e-10 0.0869673 -1.10085e-05 -4.41981e-06 1.38475e-09 2.17459e-10 
0.122418 -0.000698922 -2.55427e-06 4.14233e-08 1.39482e-10 0.117033 0.000432778 -2.24197e-06 -1.47443e-08 6.43007e-11 0.0902618 -6.41164e-05 -4.35725e-06 1.12941e-08 2.45956e-10 
0.128067 -0.000515807 -4.87298e-06 1.69179e-08 2.6915e-10 0.120843 0.000573374 -3.41407e-06 -3.14856e-08 1.04262e-10 0.0918782 7.04154e-07 -5.1649e-06 2.25495e-09 2.78419e-10 
0.121897 -0.000633543 -1.07204e-06 3.44524e-08 2.71169e-11 0.126348 0.000633627 -4.0407e-06 -2.87402e-08 2.24643e-10 0.0914204 -4.47651e-05 -5.22994e-06 8.19125e-09 3.49952e-10 
0.121453 -0.000629161 -1.60899e-06 4.35489e-08 9.97432e-11 0.118768 0.000466017 -1.80529e-06 -2.26175e-08 1.58689e-10 0.0887135 2.15648e-05 -4.64438e-06 -3.68823e-09 3.78015e-10 
0.12032 -0.000567891 -2.40836e-06 2.67995e-08 1.51827e-10 0.120327 0.000726584 -2.3877e-07 -4.19627e-08 -2.7238e-11 0.0896255 1.48376e-05 -4.45812e-06 -5.2911e-11 3.25566e-10 
0.121121 -0.000748561 3.60934e-08 5.09407e-08 -6.64326e-11 0.127769 0.000724867 -2.30142e-06 -4.16236e-08 1.14722e-10 0.0948187 -3.35225e-05 -5.9706e-06 6.94325e-09 4.55403e-10 
0.126153 -0.000617545 -2.76217e-06 3.76294e-08 3.40037e-10 0.118875 0.000551064 -2.45712e-06 -2.8647e-08 2.06579e-10 0.0929497 5.08341e-05 -5.78777e-06 -3.7311e-09 5.472e-10 
0.12462 -0.000636163 -1.28455e-06 4.46442e-08 3.1322e-11 0.115168 0.000568654 9.93708e-07 -3.52491e-08 -1.46699e-10 0.0920765 -4.54248e-05 -5.39337e-06 4.364e-09 4.57813e-10 
0.126867 -0.000637482 -2.1473e-06 3.83869e-08 1.08588e-10 0.129926 0.000609738 -1.3655e-06 -3.57322e-08 -5.6544e-11 0.0973367 -8.48494e-05 -5.26748e-06 7.03296e-09 3.45723e-10 
0.123789 -0.000574741 -4.01366e-06 3.13946e-08 3.97729e-10 0.125153 0.000557606 -1.51207e-06 -3.27312e-08 7.74433e-11 0.0939804 -2.35611e-05 -6.0305e-06 8.42096e-10 5.24724e-10 
0.119623 -0.000678067 -6.36775e-07 4.51598e-08 -2.45312e-11 0.134944 0.00051512 -3.85186e-06 -2.18755e-08 2.15631e-10 0.0992311 -0.000120345 -6.02151e-06 8.48249e-09 4.54801e-10 
0.115887 -0.000490516 -3.72316e-07 2.23727e-08 -3.13778e-11 0.114713 0.000444829 7.66002e-07 -1.81513e-08 -1.1655e-10 0.0889666 -4.1869e-05 -3.87505e-06 5.08601e-09 2.74686e-10 
0.115825 -0.000594433 -3.69929e-07 2.6255e-08 -5.13684e-12 0.113822 0.000639112 9.34816e-07 -3.64555e-08 -1.28883e-10 0.0888266 8.007e-05 -5.51311e-06 -9.16074e-09 4.56392e-10 
0.121796 -0.000389264 -4.2101e-06 1.00553e-08 4.04579e-10 0.125293 0.000588956 -3.32296e-06 -3.32604e-08 2.2622e-10 0.0946076 3.08859e-05 -5.85552e-06 -4.09942e-09 4.61928e-10 
0.119116 -0.000606722 -1.65324e-06 3.96209e-08 1.0193e-10 0.118352 0.000495598 -2.58375e-06 -2.70033e-08 2.09588e-10 0.0935215 -9.63886e-06 -6.14194e-06 2.52157e-09 4.71765e-10 
0.118581 -0.000484934 -8.65891e-07 1.75742e-08 5.25652e-11 0.114846 0.000624477 -1.68457e-06 -4.261e-08 1.93334e-10 0.088932 9.52588e-05 -4.7924e-06 -1.08469e-08 4.50267e-10 
0.12859 -0.000598875 -1.41223e-06 3.85974e-08 2.52589e-11 0.141054 0.000696103 -2.29164e-06 -4.28899e-08 1.89009e-12 0.10564 1.52135e-05 -6.61679e-06 -4.60712e-11 4.63236e-10 
0.126516 -0.000622336 1.88726e-07 3.24161e-08 -1.1817e-10 0.127676 0.00069908 -2.30361e-06 -4.19331e-08 1.61282e-10 0.0948484 2.2922e-05 -5.89567e-06 -4.45192e-10 5.1885e-10 
0.123676 -0.000569513 -1.04648e-06 2.10428e-08 4.42768e-11 0.134863 0.000516017 -3.01904e-06 -2.35991e-08 1.51261e-10 0.0969729 -8.58437e-05 -5.11394e-06 6.16526e-09 3.52236e-10 
0.127146 -0.000581622 -1.97096e-06 2.6046e-08 1.0811e-10 0.128371 0.000577127 -2.99249e-06 -3.36315e-08 2.36793e-10 0.0983659 4.54311e-05 -6.99063e-06 -2.94062e-09 5.49072e-10 
0.127651 -0.000620978 -1.8179e-06 3.3348e-08 5.83706e-11 0.114256 0.000780866 -6.15056e-08 -5.95954e-08 -1.83711e-10 0.0944066 5.51446e-05 -6.59759e-06 1.26749e-09 4.68293e-10 
0.119141 -0.000543641 -1.60493e-06 2.18393e-08 1.55551e-10 0.114963 0.000691796 5.12173e-07 -4.17813e-08 -8.48402e-11 0.0879489 2.35598e-05 -5.00882e-06 -4.00553e-09 4.4044e-10 
0.139426 -0.000677531 -1.18172e-06 3.73877e-08 -3.12879e-11 0.136843 0.000591147 -1.93173e-06 -3.73185e-08 1.27778e-11 0.110058 -0.000119634 -5.1545e-06 1.37436e-08 3.09547e-10 
0.124846 -0.000553174 -1.84998e-06 2.99058e-08 1.12562e-10 0.119144 0.000557893 -3.49567e-06 -2.81545e-08 2.97713e-10 0.087288 4.37896e-05 -4.13168e-06 -4.84864e-09 3.58838e-10 
0.127964 -0.000598608 -3.27964e-06 3.29422e-08 2.17594e-10 0.133637 0.00055283 -2.08027e-06 -3.17349e-08 6.75176e-11 0.101441 -5.67375e-05 -5.75981e-06 -1.21302e-09 4.47131e-10 
0.116579 -0.000537869 1.34745e-06 2.62964e-08 -1.49697e-10 0.120744 0.000508425 -3.93271e-06 -2.00005e-08 3.83855e-10 0.0894056 1.17962e-05 -4.01435e-06 9.04892e-10 3.10833e-10 
0.140927 -0.000705449 -4.95243e-06 4.64451e-08 2.99386e-10 0.118425 0.000676601 2.44812e-06 -3.19919e-08 -2.66298e-10 0.0998611 2.07467e-05 -5.48784e-06 4.33464e-09 3.30319e-10 
0.131749 -0.000554663 -3.12018e-06 2.39439e-08 2.24158e-10 0.135313 0.000527639 -4.56315e-06 -2.2212e-08 2.84085e-10 0.100155 -6.71631e-05 -5.46795e-06 1.01801e-08 3.73222e-10 
0.122405 -0.000529846 -1.75229e-06 2.04756e-08 1.69023e-10 0.112668 0.000493287 8.46844e-07 -1.88806e-08 -5.58416e-11 0.0936106 6.33277e-06 -5.01207e-06 -3.05573e-09 3.93459e-10 
0.1294 -0.00065627 -3.28258e-06 4.51904e-08 1.67994e-10 0.127407 0.000449446 -4.39892e-06 -2.28409e-08 3.36411e-10 0.0948027 -0.00010343 -4.68467e-06 4.53539e-09 3.70254e-10 
0.128807 -0.000510507 -4.49632e-06 2.50856e-08 3.53062e-10 0.118896 0.000493049 -5.52883e-07 -2.37163e-08 5.88348e-11 0.0919033 1.02695e-05 -4.12398e-06 -3.39867e-09 3.32778e-10 
0.112927 -0.000517184 -9.82023e-07 2.22568e-08 9.99622e-11 0.123836 0.000490063 -1.05317e-06 -2.17688e-08 4.79243e-11 0.0885974 2.02915e-06 -3.68913e-06 -3.8147e-09 3.36391e-10 
0.118293 -0.000590609 -1.9546e-06 3.22585e-08 2.11001e-10 0.117743 0.000713303 -2.07403e-06 -5.19446e-08 1.17094e-10 0.0877653 1.88657e-05 -5.83835e-06 3.15203e-12 4.99912e-10 
0.121929 -0.000610791 -1.1029e-06 2.92914e-08 7.35976e-11 0.118421 0.000746582 1.99431e-06 -4.87143e-08 -1.80994e-10 0.0936275 -7.08095e-07 -4.76835e-06 -2.45025e-09 3.94976e-10 
0.114501 -0.000517503 -7.72016e-07 2.65338e-08 1.13522e-10 0.125478 0.00063779 -3.65969e-06 -3.67931e-08 1.66689e-10 0.095551 5.62374e-05 -6.79453e-06 -1.25424e-09 5.41968e-10 
0.122383 -0.000515526 -4.79127e-07 2.55639e-08 9.80984e-11 0.124784 0.000448558 -1.20789e-06 -1.40934e-08 5.2208e-13 0.0956856 3.26378e-05 -5.23226e-06 -1.94037e-09 4.39197e-10 
0.119217 -0.000694171 1.09273e-07 4.5449e-08 -3.49666e-11 0.119641 0.000560227 -2.9913e-06 -4.26873e-08 2.63887e-10 0.0924685 -1.26923e-05 -5.37041e-06 -4.56642e-09 4.7747e-10 
0.13274 -0.000566834 -4.62854e-06 3.36804e-08 3.48974e-10 0.116322 0.000534346 8.93278e-07 -2.73893e-08 -2.44697e-11 0.0944376 3.72669e-05 -5.21983e-06 -3.97006e-09 5.10319e-10 
0.130928 -0.000646415 -1.73867e-06 4.26702e-08 4.69932e-11 0.126361 0.000503402 -4.17345e-06 -2.3381e-08 2.89651e-10 0.097041 5.7171e-05 -4.73897e-06 -1.30298e-09 3.2019e-10 
0.117176 -0.000530608 1.90967e-06 2.66046e-08 -2.221e-10 0.120438 0.000684646 -4.38925e-07 -4.76143e-08 2.51334e-11 0.0899708 0.000112355 -3.23464e-06 -1.94785e-08 2.31746e-10 
0.11943 -0.000635835 7.62244e-07 3.90972e-08 -1.14673e-10 0.141637 0.000469307 -4.10794e-06 -2.25036e-08 3.15335e-10 0.0970059 -0.000139691 -2.99534e-06 7.65077e-09 2.18858e-10 
0.129203 -0.000502972 -1.43561e-06 2.24883e-08 7.45604e-11 0.132122 0.000589611 -2.66324e-06 -3.66095e-08 1.65136e-10 0.099388 -1.72893e-05 -4.99786e-06 2.30746e-09 3.8368e-10 
0.123676 -0.000697096 -1.76564e-07 3.92344e-08 -4.02382e-11 0.110714 0.000564562 -3.99889e-07 -3.00845e-08 5.32868e-11 0.0927647 -2.71618e-05 -6.64627e-06 6.37956e-09 5.1318e-10 
0.12093 -0.000560547 -1.67578e-07 2.67397e-08 -1.0667e-11 0.115418 0.000565203 -1.41748e-06 -3.05992e-08 1.08624e-10 0.0886643 6.21534e-05 -4.06044e-06 -3.57068e-09 3.48387e-10 
0.113655 -0.000763055 5.0908e-06 4.63388e-08 -4.8081e-10 0.130692 0.000684177 -1.31188e-06 -4.71956e-08 -7.51588e-11 0.0957836 -9.59524e-05 -4.43325e-06 7.61738e-09 3.38567e-10 
0.126944 -0.000488917 -7.81353e-07 2.46915e-08 -1.01667e-11 0.120364 0.000548568 -3.5278e-06 -2.48296e-08 2.53986e-10 0.0923223 5.41881e-05 -3.59389e-06 1.65176e-09 2.36733e-10 
0.115323 -0.000579843 -9.44694e-07 3.24981e-08 2.16725e-11 0.11131 0.000577058 -1.82019e-06 -3.06737e-08 1.32818e-10 0.0881194 3.35314e-05 -5.0428e-06 -3.3649e-09 3.66858e-10 
0.11944 -0.0005067 8.32038e-07 2.81001e-08 -1.49924e-10 0.115819 0.000480398 -1.87733e-06 -2.37949e-08 1.23776e-10 0.0902247 0.000106045 -4.31076e-06 -9.14015e-09 3.46965e-10 
0.115792 -0.000610503 -6.4093e-07 3.10541e-08 1.17761e-11 0.127534 0.000517449 -3.63859e-06 -1.91304e-08 2.44953e-10 0.0923473 -0.000100888 -6.43976e-06 9.39453e-09 4.89424e-10 
0.123524 -0.000493667 -3.77981e-06 2.64961e-08 3.22647e-10 0.124174 0.000495001 -3.25898e-06 -2.21472e-08 2.04133e-10 0.0935967 1.60786e-06 -5.92148e-06 -1.32495e-09 4.42502e-10 
0.12399 -0.000713146 -2.96552e-06 4.53641e-08 1.95912e-10 0.111764 0.000505632 -6.51021e-07 -3.21159e-08 9.5523e-11 0.0894833 -2.45425e-05 -3.93099e-06 -5.65178e-10 3.20478e-10 
0.124191 -0.000484308 -2.96912e-06 2.31953e-08 2.72051e-10 0.123748 0.000667173 1.36248e-07 -4.13987e-08 -1.12915e-10 0.0927542 3.03278e-05 -4.95074e-06 -2.36685e-09 4.02312e-10 
0.113955 -0.000667205 1.78297e-08 4.07481e-08 -4.02976e-11 0.117386 0.000538514 -1.77339e-06 -3.29604e-08 8.58203e-11 0.0853585 -5.55333e-05 -3.83802e-06 5.42946e-09 2.9895e-10 
0.11233 -0.00041897 -2.41877e-06 1.86303e-08 1.62628e-10 0.12156 0.000593862 -4.25264e-06 -3.71593e-08 3.14799e-10 0.0888372 3.97384e-05 -5.29574e-06 -1.6608e-09 4.21743e-10 
0.118697 -0.000609748 -2.82017e-06 2.83245e-08 1.92381e-10 0.11664 0.000565575 -2.86581e-06 -3.15981e-08 2.01729e-10 0.0900206 -9.57099e-06 -5.53572e-06 -1.58871e-09 3.83494e-10 
0.127989 -0.000662108 -2.79392e-06 4.54856e-08 2.22212e-10 0.115802 0.000538885 1.67098e-06 -2.79766e-08 -6.00883e-11 0.0941629 -1.03764e-05 -5.47026e-06 -2.17824e-09 5.19566e-10 
0 0 0 0 0 0.121344 0.000683672 -3.81633e-06 -3.73673e-08 3.51026e-10 0 0 0 0 0 
0.128048 -0.000644802 -2.37255e-06 3.19395e-08 1.75314e-10 0.122265 0.000626599 5.62299e-07 -3.54206e-08 -7.83504e-11 0.0943937 -6.69643e-05 -4.55277e-06 1.17356e-08 3.58481e-10 
0.133728 -0.00065869 -3.47243e-06 4.85876e-08 2.38069e-10 0.118876 0.000640248 -5.74781e-07 -3.63495e-08 8.38322e-11 0.0976187 0.000101042 -6.41785e-06 -9.12418e-09 5.43882e-10 
0.116924 -0.000577827 8.09126e-07 3.95101e-08 -1.57427e-10 0.118843 0.000489415 1.15793e-08 -2.56054e-08 4.08441e-11 0.0903629 -4.97147e-05 -3.20384e-06 2.39217e-09 2.5632e-10 
0.129988 -0.000632137 -2.76179e-06 3.8919e-08 1.45556e-10 0.124008 0.000626192 -1.99644e-06 -3.59123e-08 1.0165e-10 0.0949685 5.05038e-05 -4.72966e-06 -7.1566e-09 3.54722e-10 
0.121361 -0.000593464 -2.01143e-06 3.68241e-08 1.2661e-10 0.111177 0.000655965 3.05447e-06 -3.93159e-08 -3.18695e-10 0.0864228 6.44594e-05 -3.30508e-06 -2.82463e-09 2.54379e-10 
0.120512 -0.000672223 -1.62333e-06 4.39203e-08 1.64934e-10 0.123016 0.000580138 -3.53971e-06 -3.5419e-08 2.1402e-10 0.092831 2.90868e-05 -6.39287e-06 -2.14486e-09 5.44017e-10 
0.11743 -0.000510644 7.07615e-08 2.37299e-08 1.19435e-11 0.124306 0.000593768 -2.1833e-06 -3.35702e-08 1.41189e-10 0.093409 5.29156e-05 -5.04813e-06 -5.16044e-09 3.57851e-10 
0.127264 -0.000634889 -5.95775e-06 3.41984e-08 4.14013e-10 0.130302 0.000640966 -4.48131e-06 -3.97088e-08 3.605e-10 0.0964123 -8.22717e-05 -7.28045e-06 2.83444e-09 5.89176e-10 
0.118619 -0.000612812 8.7446e-08 3.37432e-08 -5.75433e-11 0.115064 0.00058886 -1.78802e-06 -3.75087e-08 8.55125e-11 0.0886052 1.89732e-05 -4.26177e-06 -3.87302e-09 3.65565e-10 
0.131374 -0.000648328 -3.5351e-06 3.8379e-08 3.16756e-10 0.116077 0.000545662 2.22901e-06 -2.68196e-08 -2.50556e-10 0.0923711 1.24823e-05 -3.89227e-06 -2.38264e-09 2.9945e-10 
0.120261 -0.0006842 6.71985e-07 3.89177e-08 -7.04626e-11 0.123482 0.000570381 -2.00032e-06 -3.17982e-08 1.65528e-10 0.090634 -4.81388e-05 -3.85077e-06 4.58109e-09 2.98916e-10 
0.126946 -0.000620108 -2.679e-06 3.11209e-08 1.91055e-10 0.123914 0.000722205 -2.44561e-06 -4.86005e-08 1.25799e-10 0.0971915 -2.77738e-05 -6.54636e-06 3.48952e-09 4.99382e-10 
0.119586 -0.000587764 -8.1383e-07 3.35186e-08 -1.91402e-11 0.114348 0.000626155 6.99642e-07 -4.35944e-08 -7.46485e-11 0.0881786 1.57394e-05 -4.28048e-06 -4.83416e-09 3.5529e-10 
0.124676 -0.000632138 -1.78652e-06 3.68936e-08 1.08749e-10 0.122023 0.000545416 -1.23894e-06 -3.01045e-08 4.22157e-11 0.0935667 7.37954e-07 -5.88951e-06 1.45947e-09 4.37915e-10 
0.121244 -0.000640783 -2.13973e-06 4.03862e-08 1.05859e-10 0.115922 0.00043883 -9.66339e-07 -2.72313e-08 5.56837e-11 0.0888909 -0.000125532 -3.58349e-06 1.42666e-08 2.89461e-10 
0.125424 -0.00066587 -1.39374e-06 3.95864e-08 9.73672e-11 0.121621 0.000502181 -3.14321e-06 -2.53261e-08 2.23852e-10 0.0981086 -7.22044e-05 -7.65327e-06 1.10396e-08 6.16353e-10 
0.128936 -0.000525714 -5.91179e-07 3.12314e-08 -2.08318e-11 0.13027 0.000682722 -1.61482e-06 -4.17894e-08 7.16019e-11 0.0965439 7.93201e-05 -5.03087e-06 -5.29494e-09 3.91451e-10 
0.127187 -0.000770211 -1.75592e-06 4.4482e-08 3.2804e-11 0.129247 0.000656518 -3.68378e-06 -3.98649e-08 2.93826e-10 0.0967422 1.28439e-07 -5.62361e-06 -2.79877e-09 4.10181e-10 
0.115821 -0.000441621 1.1147e-07 1.51878e-08 1.05891e-11 0.120003 0.000503264 -1.30541e-06 -2.54763e-08 3.35145e-11 0.0909378 -1.87565e-05 -4.41581e-06 4.93509e-09 3.16178e-10 
0.121075 -0.000542325 -3.20427e-06 2.35988e-08 3.04298e-10 0.133811 0.00074647 -4.2822e-06 -5.45927e-08 2.67044e-10 0.100639 -6.16694e-05 -8.31023e-06 6.10917e-09 6.6843e-10 
0.12255 -0.000521767 -3.5665e-06 2.88469e-08 1.79746e-10 0.118342 0.000493395 -3.62803e-06 -2.29905e-08 2.78344e-10 0.0884104 5.60165e-05 -4.74434e-06 -9.88228e-09 3.14475e-10 
0.120537 -0.000719668 -6.87279e-07 4.47631e-08 -4.3023e-11 0.124066 0.000490063 -2.30703e-06 -2.61085e-08 1.79445e-10 0.0943137 -0.000106795 -4.88421e-06 6.42552e-09 3.57835e-10 
0.119455 -0.000586724 -2.45621e-06 3.34824e-08 2.95572e-10 0.125194 0.00052917 -8.13168e-07 -2.89208e-08 -7.66014e-12 0.0954219 -9.35857e-05 -5.16829e-06 1.06169e-08 4.38982e-10 
0.123498 -0.000710909 8.45103e-07 4.78084e-08 -2.62234e-11 0.113028 0.000680265 9.5991e-07 -4.98143e-08 -1.00959e-10 0.0979985 6.73478e-05 -6.42656e-06 -7.08974e-09 5.5282e-10 
0.129808 -0.000455711 -1.719e-06 2.12691e-08 6.57334e-12 0.120111 0.000442507 -4.75326e-07 -2.52786e-08 9.6948e-12 0.0939365 -3.66432e-05 -4.33198e-06 1.34861e-09 3.92877e-10 
0.12115 -0.000751353 4.94255e-07 5.3187e-08 -7.7447e-11 0.134571 0.000612745 -1.94724e-06 -4.30231e-08 6.52731e-11 0.102902 -0.000169863 -4.67614e-06 1.82553e-08 3.07904e-10 
0.119019 -0.000565142 -1.04015e-06 3.88539e-08 1.25479e-10 0.116889 0.000531867 8.39318e-07 -1.89612e-08 -6.3772e-11 0.0941331 9.56292e-06 -5.88162e-06 5.36888e-09 5.06939e-10 
0.118784 -0.000627545 -1.31613e-06 3.97425e-08 5.59192e-11 0.124482 0.000771285 -2.87067e-06 -5.4559e-08 1.13285e-10 0.0899145 1.82201e-05 -5.66122e-06 1.17022e-09 4.5238e-10 
0.133569 -0.000594142 -4.90533e-06 3.15806e-08 3.35793e-10 0.116491 0.000565792 1.29375e-06 -3.43122e-08 -1.53531e-10 0.0941673 1.01288e-05 -5.79993e-06 -2.97975e-09 4.68509e-10 
0.112269 -0.000519071 -9.27753e-07 2.69508e-08 9.53775e-11 0.123393 0.000630728 5.25441e-07 -3.63111e-08 -1.20474e-10 0.092324 -8.79894e-06 -5.08098e-06 -9.66014e-10 3.74517e-10 
0.125076 -0.000542287 -2.52679e-06 2.61131e-08 1.39017e-10 0.116191 0.000524421 1.74479e-07 -2.6258e-08 4.22784e-11 0.092391 -3.6815e-07 -4.22825e-06 -2.06317e-09 2.95478e-10 
0.114527 -0.000689526 -1.24694e-07 4.42487e-08 -5.69396e-11 0.1321 0.000544572 -2.8854e-06 -2.66661e-08 1.54512e-10 0.0962923 -0.000188074 -6.46735e-06 1.9716e-08 4.94118e-10 
0.124047 -0.000616698 -2.08844e-06 3.45513e-08 1.47941e-10 0.116817 0.000674855 2.29635e-06 -4.13834e-08 -1.54377e-10 0.0873602 2.49206e-05 -2.74584e-06 -4.81254e-09 2.14895e-10 
0.133793 -0.000675142 -4.24505e-06 4.81716e-08 3.70057e-10 0.125861 0.000547544 -2.74557e-06 -2.92871e-08 2.10013e-10 0.0953512 -3.60434e-05 -5.0084e-06 8.03674e-09 4.18762e-10 
