1.85626e-01 6.53162e-03 4.25002e-05 -2.61824e-07  0.0  -6.43968e+00 -2.25543e-01 -1.45653e-03 9.42090e-06  0.0
1.89993e-01 -6.00459e-03 4.09589e-05 1.91351e-07  0.0  -6.62709e+00 2.07547e-01 -1.40474e-03 -6.98021e-06  0.0
2.63501e-01 8.06847e-03 4.54061e-05 -3.38477e-07  0.0  -8.82554e+00 -2.75013e-01 -1.59949e-03 1.18191e-05  0.0
2.72711e-01 -8.05238e-03 4.89748e-05 3.09814e-07  0.0  -9.12428e+00 2.76538e-01 -1.72822e-03 -1.08839e-05  0.0
-3.62450e-01 2.58947e-02 -2.20539e-04  0.0  0.0  -8.34383e+00 5.60006e-02 -5.82682e-04  0.0  0.0

4.00342e-01 4.74111e-03 2.72490e-05 -7.44981e-08  0.0  -1.37618e+01 -1.57346e-01 -9.55879e-04 2.02383e-06  0.0
4.30708e-01 -4.19979e-03 2.35214e-05 3.90099e-08  0.0  -1.48684e+01 1.38483e-01 -8.27646e-04 -7.61141e-07  0.0
6.51427e-01 5.17758e-03 2.88023e-05 -7.44837e-08  0.0  -2.22479e+01 -1.71100e-01 -1.03522e-03 2.18690e-06  0.0
5.92414e-01 -6.01849e-03 3.16243e-05 1.66204e-07  0.0  -2.01755e+01 2.02429e-01 -1.13502e-03 -5.40543e-06  0.0
-3.54180e+00 1.30347e-01 -1.00602e-03  0.0  0.0  1.30242e+02 -4.21892e+00 3.08713e-02  0.0  0.0
