-0.352907 -0.328934 -0.272156 -0.194764 -0.125622 -0.0489974 0.0527829 0.0780193 0.0966873 0.0382861 0.0355422 0.013963 0.0111181 -0.00242082 -0.000205563 -0.00498876 0.00309466 0.011079 0.0107909 0.0240412 
-0.289273 -0.212488 -0.164419 -0.0852825 0.0545022 0.120801 0.141238 0.106591 0.0349036 0.00699209 0.00208469 -0.000815357 -0.00778359 -0.00836167 -0.0143987 -0.0112007 -0.0126584 -0.00682154 -0.00326286 -0.0095852 
-0.192668 -0.136718 -0.0473399 0.0674113 0.133411 0.153147 0.102679 0.0492851 0.0361815 0.014532 0.00925062 0.0095971 0.00640282 -0.00363094 -0.00787211 0.000354086 0.00800199 -0.0056246 0.00404042 0.00484908 
-0.159432 -0.0790083 0.0386425 0.112424 0.134937 0.0980434 0.0402392 0.0266884 0.00842129 0.0114267 0.00260126 -0.00506105 -0.00664036 -0.00499375 -0.00297217 0.000480806 -0.0030747 -0.00272993 -0.00512945 0.00443875 
-0.135878 -0.0194077 0.0810199 0.087896 0.108397 0.0492369 0.0119715 0.00483817 -0.00689871 -0.0135359 -0.018296 -0.0240069 -0.0201895 -0.0205488 -0.0192954 -0.0185674 -0.0133915 -0.0213285 -0.011105 -0.0122454 
-0.0576618 0.0695759 0.091405 0.076374 0.11357 0.1012 0.0468427 0.0272584 0.0102596 0.00469244 0.000128508 -0.00547516 -0.0063543 -0.00241395 -0.011461 -0.0122965 -0.00784275 -0.0056269 -0.000552696 0.00205659 
-0.0328458 0.0671575 0.0568673 0.0219763 0.0448777 0.101271 0.111416 0.0956492 0.0666877 0.0438597 0.0300553 0.0171204 0.0082556 0.00872468 0.00866994 0.0120173 0.00888613 0.0104755 0.0142158 0.020112 
-0.120372 0.00322913 -0.0176755 -0.054212 -0.0791464 -0.0732491 -0.00682869 0.0364813 0.0558246 0.0778921 0.0639663 0.0489697 0.0419606 0.02628 0.0111203 0.0070987 0.00866437 0.00455282 0.000214633 0.00016223 
-0.239832 -0.120639 -0.11416 -0.164117 -0.226736 -0.260222 -0.236562 -0.164589 -0.119576 -0.0702125 -0.0381732 -0.0168869 0.000846759 0.013572 0.034933 0.0194835 0.0266185 0.016067 -0.01237 0.00531478 
-0.359571 -0.2298 -0.22138 -0.22806 -0.238667 -0.292979 -0.356319 -0.479904 -0.407305 -0.329765 -0.307304 -0.228545 -0.198881 -0.158052 -0.133944 -0.110538 -0.100647 -0.0621208 -0.0633778 -0.051305 

-0.313168 -0.162099 -0.192455 -0.229796 -0.264369 -0.306543 -0.383865 -0.401135 -0.378374 -0.281121 -0.272048 -0.2344 -0.200561 -0.145363 -0.129392 -0.101523 -0.102332 -0.0570755 -0.0348459 -0.0394251 
-0.208284 -0.10712 -0.104174 -0.152717 -0.214946 -0.249882 -0.213248 -0.156434 -0.0886741 -0.0723987 -0.042614 -0.00253598 0.0133735 0.0440005 0.0282345 0.0326605 0.0321206 0.0245629 0.0198198 0.0118089 
-0.0914675 -0.00516495 -0.0066072 -0.0378749 -0.0722071 -0.0607529 -0.00276253 0.0460516 0.0716237 0.0876234 0.0629119 0.0532571 0.051441 0.0243838 0.0106548 0.0087046 0.00968554 0.00709195 0.00249359 0.00604992 
-0.0404233 0.0713974 0.0771412 0.0460553 0.0505337 0.107733 0.119819 0.10682 0.0711308 0.0418564 0.033455 0.0207534 0.0150951 0.0133809 0.0134635 0.0160308 0.0126707 0.0141025 0.0122793 0.0188913 
-0.0606811 0.0730963 0.102921 0.088395 0.119162 0.0903793 0.0468882 0.019119 0.00707938 0.00149406 -0.007403 -0.0113727 -0.0104786 -0.0099959 -0.00693962 -0.00741044 -0.00375527 -0.00294255 -0.00566413 -0.0035567 
-0.14745 -0.0181968 0.0725727 0.0835716 0.102152 0.0455183 0.00639855 -0.00272165 -0.0109044 -0.023003 -0.0267646 -0.0257333 -0.0289055 -0.0239833 -0.018473 -0.020375 -0.0193215 -0.0165774 -0.0187383 -0.0118637 
-0.168933 -0.0887304 0.0477529 0.100074 0.131315 0.0933114 0.0418195 0.0112249 0.00457738 0.00742275 -0.00391933 -0.0133597 -0.00977619 -0.0133172 -0.0127938 -0.00462466 -0.00681837 0.0017369 -0.00172701 0.00714738 
-0.207081 -0.148308 -0.0641452 0.0489032 0.155651 0.153322 0.0845589 0.0523541 0.02047 0.0141136 -0.00601473 -0.00878647 -0.002307 -0.00614015 -0.00743944 -0.0002013 -2.05601e-05 0.00157655 0.00716616 -0.00453142 
-0.292124 -0.236207 -0.182703 -0.0669559 0.0429662 0.146102 0.166663 0.0820613 0.0416234 0.0159171 0.00631003 -0.00898611 -0.0113915 -0.0158352 -0.0118999 -0.0231239 -0.0202215 -0.00670594 -0.013218 -0.00985004 
-0.356668 -0.338439 -0.276326 -0.183115 -0.132671 -0.0340108 0.075148 0.127693 0.102962 0.0804211 0.0334936 0.0345702 0.0240055 0.0168228 0.023568 0.0277743 0.0217856 0.0200435 0.00572108 0.0077148 

-0.276603 -0.159454 -0.132552 -0.0537946 0.0579913 0.117784 0.163301 0.136172 0.0479926 0.0350153 0.030261 0.0254641 0.0426692 0.0200115 -0.00587015 -0.0131273 -0.0141181 -0.0103475 -0.00544391 0.000119925 
-0.123557 -0.0436751 0.0577019 0.121449 0.181494 0.180864 0.098387 0.0445984 0.0354524 0.0286371 0.00358723 0.00182613 -0.0169647 0.00675615 -0.0110144 -0.023932 -0.0194564 0.00107826 -0.0246028 -0.0135709 
0.0659245 0.153678 0.221464 0.19497 0.127693 0.074385 0.0449258 0.0401122 0.0274035 0.022494 0.0197395 0.000107717 0.00671821 0.00820881 -2.48424e-05 0.00180131 0.00227874 0.0037757 0.00130331 0.00159938 
0.205733 0.215922 0.160157 0.0899179 0.058383 0.0308155 0.0252932 0.0117356 0.0109021 0.00741881 0.00521313 0.00249593 0.00325166 0.0044607 -0.00459886 -0.00900343 0.00424817 -0.00783707 0.00233248 -0.00395366 
0.17576 0.153126 0.081066 0.0451956 0.023204 0.0112429 -0.00200655 -0.0099053 -0.0119914 -0.0123812 -0.0138836 -0.0180598 -0.0197842 -0.0221845 -0.0203983 -0.017431 -0.0258089 -0.014238 -0.0189138 -0.00782012 
0.140206 0.166209 0.128004 0.0641573 0.0301078 0.00623466 0.00876107 -0.000172645 -0.011025 -0.0119396 -0.00806978 -0.0213277 -0.0204465 -0.0218438 -0.0188561 -0.0288097 -0.0133243 -0.0296724 -0.0187945 -0.0138813 
0.0947557 0.0904669 0.115127 0.131625 0.101651 0.0685266 0.0353859 0.0157602 0.00841451 0.00338658 -0.00629908 -0.0102619 -0.0105813 -0.00525788 -0.0166024 -0.0139135 -0.0165808 -0.015645 -0.0146215 -0.00769913 
0.058138 0.013224 -0.0181415 0.0148204 0.0580741 0.0799712 0.0747832 0.0765056 0.0700814 0.0647215 0.0362361 0.00662148 -0.00857205 -0.0150033 -0.0140662 -0.0185993 -0.0229168 -0.0235739 -0.0357164 -0.0302972 
0.010266 -0.0265837 -0.0864819 -0.11488 -0.159808 -0.134409 -0.103743 -0.055234 -0.0316225 0.00254658 -0.0033448 0.0269204 -0.00170237 0.0290968 0.0218913 0.0283006 0.0187044 0.000451777 -0.0164376 -0.00945585 
-0.14463 -0.0402475 -0.107832 -0.181971 -0.203729 -0.295622 -0.365291 -0.286572 -0.206894 -0.241481 -0.212888 -0.14848 -0.159648 -0.140811 -0.110268 -0.0975762 -0.0716261 -0.00935245 -0.0630967 -0.0522555 

-0.145904 -0.0921069 -0.140951 -0.241184 -0.27793 -0.292266 -0.376561 -0.326836 -0.267296 -0.191692 -0.259165 -0.207244 -0.148834 -0.13363 -0.139381 -0.148769 -0.0676243 -0.0608446 -0.0884815 -0.0755499 
-0.00935146 -0.0284118 -0.0867131 -0.138479 -0.16404 -0.154218 -0.114748 -0.0767687 -0.0172516 -0.0126516 0.00965548 0.0185627 0.00676491 0.0152697 0.0047026 0.0140658 -0.00239292 -0.00597771 -0.000735747 -0.0186169 
0.0522438 0.0116787 -0.00349285 0.00473958 0.046162 0.0745446 0.0746792 0.0667074 0.0679702 0.0599726 0.0277032 0.00611485 -0.00232807 -0.0214376 -0.0151023 -0.0303822 -0.0384253 -0.0294414 -0.0320135 -0.0386057 
0.0936652 0.0854119 0.12727 0.137876 0.113008 0.0778588 0.048535 0.0243307 0.0158685 0.0104342 -0.00253325 -0.00351834 -0.0115053 -0.0100456 -0.00746912 -0.0214655 -0.0110552 -0.0137692 -0.0168922 -0.0129599 
0.135748 0.154968 0.119532 0.0732346 0.0339073 0.00729943 -0.000468035 -0.00773352 -0.0195824 -0.0172822 -0.0141202 -0.0261719 -0.0195259 -0.0209594 -0.0265275 -0.0273243 -0.0308564 -0.0264375 -0.0266139 -0.0178767 
0.196169 0.174302 0.083745 0.0359163 0.0213426 0.000943446 -0.00550194 -0.00363365 -0.0128144 -0.0128238 -0.00956428 -0.0231511 -0.0187311 -0.0184532 -0.0148705 -0.0218185 -0.0204296 -0.0212659 -0.0201431 -0.0113136 
0.221076 0.203592 0.156565 0.086587 0.0534828 0.0332604 0.0166378 0.0180535 0.0166362 0.0068765 0.00226662 -0.00142825 0.00904829 0.00840317 0.00512354 -0.00379497 0.00110754 -0.00449099 0.00205343 -0.00268241 
0.0600156 0.173444 0.230765 0.187764 0.133481 0.0669079 0.0464883 0.0310172 0.030041 0.0161955 0.0110128 0.0107553 0.0130314 -0.00537611 0.0107307 0.0129614 0.00700364 0.00560429 -0.000870403 -0.00749109 
-0.0993812 -0.0567344 0.0423015 0.11236 0.171332 0.157473 0.0845416 0.0391111 0.0370099 0.0253518 0.00911596 -0.004624 -0.0167069 -0.00719179 -0.0146833 -0.0223359 -0.00102415 -0.0256837 -0.0188156 -0.0204444 
-0.239674 -0.171512 -0.12151 -0.05212 0.0281557 0.105628 0.147212 0.117416 0.0827794 0.0539394 0.0231184 0.0270066 0.0146554 0.0412812 0.00670082 0.0180391 0.0263789 0.00251907 -0.00204697 -0.00330241 

-0.442312 -0.332415 -0.228667 -0.145791 -0.0926406 -0.0288431 0.0359085 0.109982 0.0897835 0.115367 0.0568437 0.00340895 0.0165016 -0.00850598 -0.0218692 0.00423575 -0.00628044 -0.00637228 0.0237299 -0.00563355 
-0.307941 -0.202923 -0.141853 -0.113955 -0.0833161 0.0231985 0.0574355 0.101586 0.0936254 0.0453188 0.0540338 0.00678086 -0.00516795 0.00866336 0.00754725 0.00785537 0.00332585 -0.0166938 -0.0154716 -0.00210973 
-0.214095 -0.139539 -0.12449 -0.0655095 0.00541821 0.066535 0.125194 0.12537 0.08617 0.0727812 0.0241373 0.027927 0.0325368 0.0153407 0.0138446 0.0187415 0.00835778 0.00520888 0.00177065 0.00196962 
-0.192143 -0.159565 -0.125272 -0.0849021 0.0765821 0.135602 0.112908 0.102819 0.0640449 0.0660985 0.0589715 0.0345738 0.0309705 0.0238446 0.020747 0.0161464 0.00378509 0.00750043 0.0106275 -0.00530916 
-0.264248 -0.228001 -0.213183 -0.127734 0.0638902 0.09727 0.0925325 0.0647485 0.0276868 0.0152174 0.00688364 0.0153369 -0.0175581 -0.0172086 -0.0181819 -0.0145376 -0.0125442 -0.0137533 -0.019044 -0.0214463 
-0.276763 -0.287054 -0.252166 -0.159234 0.00348112 0.0542362 0.0643391 0.0531086 0.0336732 0.0197156 0.00497434 -0.00352431 -0.0126655 -0.0127648 -0.0151577 -0.0207691 -0.0164883 -0.022505 -0.0258915 -0.0245383 
-0.325275 -0.32159 -0.313618 -0.243873 -0.13366 -0.00623138 0.0557854 0.0569884 0.0774827 0.0596137 0.0563287 0.0355674 0.0313337 0.0177464 0.00327717 0.0104719 0.013671 -0.00147815 -0.00022602 0.0060144 
-0.343547 -0.37959 -0.367286 -0.382941 -0.364464 -0.221751 -0.0957424 -0.0207996 0.023017 0.0375641 0.0615369 0.0623634 0.0554789 0.0553576 0.0289124 0.03819 0.023911 0.00889036 0.0276253 0.00997369 
-0.399609 -0.512143 -0.525603 -0.546694 -0.506082 -0.500548 -0.413826 -0.282958 -0.198999 -0.126365 -0.0730025 -0.0244781 -0.0156957 0.00479226 0.0179808 0.00999792 0.0220034 0.0246888 0.0440845 0.022893 
-0.475651 -0.367729 -0.46678 -0.495689 -0.533977 -0.563316 -0.553296 -0.564381 -0.456514 -0.399073 -0.381777 -0.263743 -0.248625 -0.214228 -0.155646 -0.10451 -0.122784 -0.0895789 -0.0645945 -0.029533 

-0.37088 -0.302535 -0.485892 -0.544471 -0.607088 -0.570578 -0.572924 -0.541112 -0.431437 -0.396173 -0.305209 -0.215192 -0.210726 -0.169974 -0.121991 -0.0999809 -0.0661275 -0.0413309 -0.0548067 -0.0360816 
-0.398704 -0.447524 -0.528269 -0.533817 -0.525708 -0.469708 -0.373135 -0.287165 -0.179718 -0.120829 -0.0933829 -0.0362266 -0.00954552 0.00618983 0.0363944 0.0477031 0.0348321 0.0355161 0.0340827 0.0224653 
-0.355226 -0.379352 -0.356468 -0.378752 -0.348511 -0.243193 -0.0932393 -0.0405734 0.0306171 0.0496163 0.0647759 0.0589543 0.0708649 0.0407983 0.0335301 0.0248904 0.0182626 0.00886363 0.0131516 0.00288987 
-0.301871 -0.307108 -0.322358 -0.274172 -0.130406 0.00788909 0.0543698 0.0746221 0.0656773 0.051693 0.063737 0.0318142 0.0166679 -0.00195012 0.00500067 0.00132448 -0.00955384 -0.012096 -0.00692997 -0.00549751 
-0.292513 -0.283451 -0.259952 -0.196798 -0.00586545 0.0575212 0.0540085 0.0433299 0.0145211 -0.00755355 -0.00930167 0.000860078 -0.0420935 -0.0218712 -0.0347585 -0.0327566 -0.0272011 -0.0361728 -0.0366661 -0.0282341 
-0.270324 -0.267801 -0.219507 -0.117457 0.0466147 0.0714074 0.0767953 0.0633274 0.0185291 0.00812284 -0.0031364 -0.0218378 -0.0136676 -0.0174307 -0.0305586 -0.0313611 -0.0262839 -0.0287026 -0.0329125 -0.0338982 
-0.198313 -0.160703 -0.127668 -0.0645534 0.0532244 0.112209 0.108074 0.0961281 0.0428846 0.0306767 0.0332221 0.0175556 6.25318e-05 0.023661 0.00401414 -0.00725614 0.00625486 -0.00602476 -0.00661544 -0.00953926 
-0.226348 -0.188286 -0.136246 -0.10812 -0.0311795 0.080566 0.104551 0.0951925 0.0816447 0.0314031 0.0123049 0.00283783 0.00425718 0.0111803 -0.00761807 -0.00494721 -0.00118061 -0.013644 -0.00213416 -0.0233661 
-0.280577 -0.242954 -0.169007 -0.123414 -0.0595544 -0.00792989 0.0368165 0.07982 0.0757418 0.0420559 0.0168492 -0.00703028 0.0147979 4.80483e-05 -0.0138527 -0.0178275 -0.0277433 -0.0138703 -0.0165316 -0.0115182 
-0.475782 -0.334256 -0.204462 -0.168485 -0.0868066 -0.0633024 0.0489848 0.0619176 0.096599 0.0625796 0.0767698 0.0404392 0.0229565 0.00581537 0.00143764 0.00617853 -0.0062947 -0.00624847 0.0131586 -0.0253255 

-0.35036 -0.193856 -0.117678 -0.034866 -0.0792654 0.000138901 0.127739 0.09411 0.0109322 0.0405978 -0.0116178 0.0146905 -0.0289054 0.00132915 0.00249679 -0.060153 -0.047851 -0.0492916 -0.0122029 -0.0379335 
-0.204896 -0.129451 -0.120628 -0.0608108 -0.0287508 0.0424706 0.0467248 0.0332492 0.0299112 0.0360804 0.0111852 0.00905054 -0.0199828 -0.0394359 -0.024247 -0.010553 -0.0912473 -0.0483007 -0.0500407 -0.0240205 
-0.109568 -0.109022 0.0131172 0.0200469 0.0676131 0.0840363 0.0708252 0.084213 0.0590666 0.00876064 -0.0127969 0.0184809 0.0128347 0.0206782 -0.0144471 -0.0157567 -0.0579037 -0.0360887 -0.0303515 -0.0424685 
-0.0522533 0.0371135 0.0916241 0.0862405 0.0727661 0.0894469 0.063467 0.0734526 0.076021 0.0541603 0.0300716 0.011845 -0.000342547 -0.0233492 -0.0155633 -0.061878 -0.0254399 -0.0441276 -0.0257067 -0.0416679 
-0.0670527 0.0491353 0.0647256 0.0697654 0.0767396 0.0801772 0.0560032 0.0403358 0.0301591 0.0206124 0.0205606 -0.0154951 -0.0232142 -0.0310449 -0.0302026 -0.0376866 -0.0376916 -0.0553964 -0.0436337 -0.0548939 
-0.116902 -0.0108818 0.0510366 0.0292638 0.0432265 0.041582 0.0502569 0.0452095 0.0122497 0.0169824 -0.00332291 -0.0159108 -0.00657765 -0.0312802 -0.042176 -0.0347288 -0.0411163 -0.0489055 -0.0497328 -0.065146 
-0.246721 -0.137366 -0.0311736 0.0188469 0.0425587 0.0595337 0.0461489 0.052069 0.0282113 0.0331134 0.0304723 0.0184368 0.00840812 -0.00138701 0.0146008 -0.0113596 -0.0324523 -0.0403991 -0.0125419 -0.0292491 
-0.309547 -0.35886 -0.258038 -0.131216 -0.0736355 -0.0422741 -0.0153359 0.00748388 0.0292069 0.0180577 0.0366663 0.0417119 0.0421836 0.0483727 0.0284573 0.0211536 0.00945368 -0.0302789 0.00643679 0.00342019 
-0.404567 -0.359353 -0.407678 -0.417797 -0.383346 -0.242151 -0.212474 -0.201738 -0.142718 -0.135784 -0.0824652 -0.0486649 -0.0213972 -0.0372304 0.0106959 -0.0067614 0.00212404 0.00578548 0.0192907 -0.00779772 
-0.183076 -0.359436 -0.45343 -0.484529 -0.538716 -0.496926 -0.512419 -0.420795 -0.314448 -0.310885 -0.262877 -0.227808 -0.190876 -0.157225 -0.133647 -0.129097 -0.139108 -0.120589 -0.0841383 -0.0901402 

-0.334859 -0.434001 -0.461668 -0.438273 -0.465918 -0.492817 -0.509849 -0.350261 -0.337019 -0.26351 -0.230177 -0.231711 -0.217032 -0.185615 -0.133622 -0.120808 -0.146608 -0.115079 -0.122301 -0.0703306 
-0.363245 -0.400228 -0.366451 -0.436244 -0.362897 -0.296052 -0.195146 -0.135722 -0.0943064 -0.0991433 -0.0548941 -0.0516475 -0.0311485 -0.018035 -0.0283652 0.00585592 0.011759 0.00995179 0.0073038 0.00635945 
-0.296787 -0.299801 -0.259711 -0.152368 -0.0611226 -0.0109417 0.00510347 0.0377583 0.0552326 0.0575344 0.0426771 0.0398603 0.027696 0.0349921 0.0232622 0.00374333 -0.00618689 -0.00403523 -0.00665012 -0.0273682 
-0.214842 -0.0966709 -0.0339213 0.0423104 0.0576806 0.0630086 0.0583445 0.0639763 0.0572816 0.0479715 0.0444304 0.0313682 0.0113832 0.0246707 0.0193934 -0.0427413 -0.0209506 -0.0250708 -0.00961729 -0.0235903 
-0.0984622 0.0182153 0.0435637 0.0635273 0.0593285 0.0580383 0.0588586 0.037161 0.0292689 0.0284611 -0.0013222 -0.0234041 -0.0147677 -0.0184427 -0.0325049 -0.0293364 -0.0390576 -0.039258 -0.0349265 -0.0582117 
-0.0217391 0.0520617 0.0856597 0.0688298 0.0808968 0.0871871 0.0653909 0.0861037 0.0431945 0.0352817 -0.00443694 -0.00663146 0.0100848 -0.0205096 -0.0256232 -0.0320398 -0.0221114 -0.0208234 -0.027254 -0.039796 
-0.0390738 0.0348504 0.141482 0.125737 0.111906 0.127251 0.111356 0.0821715 0.0799626 0.0693858 0.0523679 0.0436299 0.0134586 4.72233e-05 0.0184547 0.0145489 -0.00313142 -0.0102505 -0.0273948 -0.00864269 
-0.0710979 -0.063961 0.0115396 0.132179 0.0734446 0.1006 0.0716689 0.0969924 0.0446573 0.0495378 0.0425968 -0.00552076 0.0223939 0.017526 0.00626002 -0.00468925 0.0191058 -0.00848253 -0.00743232 -0.00222858 
-0.204082 -0.121937 -0.0756846 -0.0764383 0.0340201 0.0547721 0.103045 0.0682212 0.0261377 0.061046 0.0444716 0.0268935 0.00649491 -0.00464923 -0.00830549 -0.00976067 -0.00452059 -0.021228 -0.0229382 -0.0458617 
-0.292374 -0.213595 -0.149723 -0.0590361 -0.0946483 0.0231579 0.09821 0.0420606 0.00611794 0.0344816 -0.0258663 -0.023364 0.0030451 -0.00690689 -0.0308351 -0.0262028 -0.0850283 -0.0619364 -0.034659 -0.0385124 