1.35616e-01 -5.74252e-04 -3.07588e-06 1.92024e-08 5.00000e+01  0.0  0.0  0.0  0.0
1.34445e-01 6.25636e-04 -3.12780e-06 -2.52478e-08 5.00000e+01  0.0  0.0  0.0  0.0
1.48600e-01 -5.10692e-04 -2.12191e-06  0.0        2.00000e+01  0.0  0.0  0.0  0.0
1.49082e-01 5.09094e-04  -2.20173e-06  0.0        2.00000e+01  0.0  0.0  0.0  0.0
1.02226e-01 5.09130e-06 -3.51962e-06 -2.72050e-10 1.90000e+01  0.0  0.0  0.0  0.0
1.08840e-01 1.88682e-05 -3.53303e-06 -2.73258e-09 1.90000e+01  0.0  0.0  0.0  0.0
8.62549e-02 -5.57452e-06 -3.86308e-06 1.10604e-09 2.14561e-10  0.0  0.0  0.0  0.0
4.37227e-02 3.33404e-03 -3.23713e-05 1.00000e+01   0.0         0.0  0.0  0.0  0.0

1.26572e-01 -4.81630e-04 -2.50779e-06 -2.90312e-10 5.00000e+01  0.0  0.0  0.0  0.0
1.26524e-01 5.35784e-04 -3.74920e-06 -1.74305e-08 5.00000e+01   0.0  0.0  0.0  0.0
1.33479e-01 -5.23380e-04 -1.74107e-06  0.0         2.00000e+01  0.0  0.0  0.0  0.0
1.28795e-01 4.08217e-04 -1.57284e-06   0.0         2.00000e+01  0.0  0.0  0.0  0.0
9.56195e-02 4.01550e-05 -3.00413e-06 -5.76375e-09  0.0          0.0  0.0  0.0  0.0
9.82550e-02 -3.95591e-05 -2.50259e-06 2.70349e-09  0.0          0.0  0.0  0.0  0.0
7.51086e-02 -3.06455e-05 -3.39535e-06 2.13400e-09 2.56537e-10   0.0  0.0  0.0  0.0
4.37227e-02 3.33404e-03 -3.23713e-05 1.00000e+01   0.0          0.0  0.0  0.0  0.0

1.13823e-01 -4.64639e-04 -6.06391e-06 7.89312e-08 1.96283e-09 -2.54146e-12 -9.41669e-14  0.0  0.0
1.15143e-01 4.78809e-04 -7.95752e-06 -8.47770e-08 2.64950e-09 3.02576e-12 -1.44146e-13   0.0  0.0
1.16690e-01 -4.39150e-04 -2.28926e-06 4.89654e-08 7.01014e-10  0.0  0.0  0.0  0.0
1.16004e-01 4.34793e-04 -1.70929e-06 -4.87811e-08 6.48807e-10  0.0  0.0  0.0  0.0
9.40599e-02 -6.26908e-06 -1.42708e-05 -5.09517e-10 5.16994e-09 1.13613e-12 -4.73647e-13 -9.80306e-17 1.48261e-17
9.90197e-02 -1.75864e-05 -1.29064e-05 8.22813e-09 4.98133e-09 -1.09653e-12 -4.63259e-13 7.41366e-17 1.48261e-17
8.26352e-02 -1.29088e-05 -1.26386e-05 3.26340e-09 4.73557e-09 -1.76323e-13 -4.57136e-13 2.50456e-17 1.48261e-17
3.96920e-01 -4.44926e-03 1.61480e-05 1.00000e+01  0.0          0.0  0.0  0.0  0.0

1.47815e-01 -6.98342e-04 -8.22174e-06 1.22243e-07 3.27460e-09 -5.70067e-12 -2.02704e-13  0.0  0.0
1.47792e-01 7.75380e-04 -1.00941e-05 -1.58156e-07 3.70121e-09 8.39098e-12 -2.22560e-13   0.0  0.0
2.00476e-01 -7.10037e-04 5.83530e-06 9.31926e-08 7.32667e-10  0.0  0.0  0.0  0.0
2.01311e-01 6.86638e-04 5.48436e-06 -8.07348e-08 8.21186e-10  0.0  0.0  0.0  0.0
1.24761e-01 3.49750e-05 -1.79895e-05 -1.00007e-08 6.59269e-09 3.48520e-13 -5.61184e-13 5.35987e-17 1.48261e-17
1.64518e-01 -2.89336e-05 -4.62152e-07 5.84608e-09 3.39661e-09 -7.42933e-13 -4.05985e-13 1.16242e-16 1.48261e-17
1.34478e-01 9.54399e-05 -4.68210e-06 -8.88095e-08 3.90169e-09 1.59303e-11 -4.32797e-13 -7.33365e-16 1.48261e-17
-4.96597e-01 2.89940e-02 -2.51130e-04 1.00000e+01  0.0          0.0  0.0  0.0  0.0
