0.234248 0.154881 0.180749 0.167978 0.183058 0.19522 0.20426 0.233006 0.239536 0.196905 0.186198 0.153667 0.146283 0.149462 0.145398 0.15871 0.148801 0.133242 0.155867 0.139822 
0.168793 0.161328 0.160914 0.16195 0.175811 0.225658 0.246803 0.193663 0.157664 0.149542 0.155125 0.141134 0.138037 0.135071 0.131621 0.133 0.133377 0.128042 0.135504 0.130909 
0.150657 0.142083 0.148564 0.182808 0.208852 0.192648 0.175822 0.1367 0.135527 0.123503 0.127334 0.122612 0.125078 0.121193 0.11539 0.122646 0.122368 0.120368 0.118372 0.123226 
0.146751 0.146248 0.167594 0.192264 0.195673 0.164894 0.136323 0.129765 0.128352 0.12545 0.121463 0.119114 0.119013 0.12141 0.11311 0.117154 0.124412 0.119392 0.122854 0.130466 
0.136689 0.148071 0.167135 0.17125 0.159915 0.140594 0.120491 0.122213 0.11922 0.116829 0.122195 0.114448 0.116874 0.116134 0.117328 0.113186 0.112445 0.112316 0.115995 0.113878 
0.137215 0.15987 0.169274 0.169731 0.167878 0.156926 0.137357 0.127395 0.120842 0.115066 0.118681 0.110381 0.108781 0.109395 0.109883 0.109112 0.105217 0.108896 0.106703 0.108418 
0.146507 0.17596 0.175789 0.169533 0.163745 0.162225 0.151709 0.140146 0.127076 0.116203 0.109303 0.108052 0.0985809 0.101761 0.0950245 0.09253 0.0952234 0.0934961 0.097958 0.0939448 
0.156971 0.17141 0.179131 0.177969 0.170204 0.188775 0.174742 0.155519 0.152694 0.143374 0.135811 0.123407 0.121801 0.118331 0.111107 0.101783 0.102385 0.099649 0.092629 0.0983909 
0.171212 0.172487 0.207513 0.199974 0.216124 0.222379 0.222177 0.215925 0.203569 0.198888 0.19884 0.17312 0.166729 0.154977 0.151098 0.142208 0.135508 0.123709 0.134673 0.122016 
0.283955 0.212193 0.19092 0.217015 0.222252 0.298771 0.285974 0.285 0.296027 0.304227 0.235406 0.235757 0.228739 0.194425 0.200693 0.189374 0.161421 0.154063 0.174262 0.148815 

0.286095 0.167865 0.199575 0.218335 0.220461 0.269663 0.270059 0.298309 0.306374 0.336264 0.270074 0.244764 0.228842 0.216 0.204277 0.199752 0.16628 0.167978 0.152384 0.15993 
0.171289 0.179376 0.186333 0.197368 0.201467 0.227825 0.225321 0.219139 0.202247 0.18605 0.17795 0.17137 0.17563 0.165723 0.158523 0.149042 0.144208 0.137887 0.133974 0.126804 
0.166089 0.172953 0.17769 0.189582 0.17642 0.181268 0.164829 0.162212 0.156127 0.15421 0.138071 0.132604 0.116593 0.109281 0.103517 0.101635 0.0978036 0.102026 0.0988023 0.0961191 
0.15406 0.176618 0.182641 0.175122 0.170031 0.166569 0.154942 0.150671 0.128501 0.113881 0.11257 0.103434 0.10008 0.0969849 0.0954341 0.0973401 0.0926179 0.0959436 0.0921495 0.0970856 
0.138723 0.168993 0.174278 0.179334 0.171176 0.163635 0.142137 0.126188 0.119075 0.11472 0.115716 0.114096 0.117797 0.111988 0.112255 0.109094 0.113311 0.110229 0.106319 0.106242 
0.127771 0.159242 0.174054 0.175389 0.170211 0.147601 0.127263 0.124084 0.122132 0.11184 0.112953 0.118399 0.114509 0.114663 0.11969 0.12119 0.115501 0.116583 0.11452 0.122673 
0.144972 0.15331 0.174361 0.196544 0.202098 0.176094 0.141089 0.132544 0.126896 0.129149 0.120813 0.121353 0.118091 0.121605 0.120619 0.124571 0.115847 0.122248 0.12266 0.11572 
0.161732 0.144927 0.144342 0.193465 0.190231 0.201266 0.174348 0.14962 0.130526 0.124166 0.126449 0.127596 0.126334 0.122291 0.124358 0.121991 0.124501 0.123317 0.132767 0.122936 
0.184065 0.169708 0.170524 0.173697 0.206388 0.233091 0.245857 0.198658 0.175592 0.145731 0.15446 0.141009 0.127669 0.13981 0.135474 0.128779 0.127317 0.144324 0.129906 0.124733 
0.218296 0.148258 0.169176 0.177598 0.191778 0.207647 0.202508 0.236043 0.236368 0.219877 0.18821 0.166843 0.147842 0.14251 0.135691 0.147991 0.135589 0.136644 0.154861 0.148452 

0.169194 0.169706 0.161051 0.145415 0.181032 0.211872 0.266567 0.228549 0.158466 0.171323 0.161467 0.163128 0.163423 0.155504 0.149825 0.151037 0.150047 0.167064 0.14027 0.149283 
0.158895 0.174145 0.191405 0.19797 0.214869 0.252228 0.206564 0.143205 0.140359 0.153103 0.143428 0.150815 0.14635 0.136309 0.132744 0.134737 0.151502 0.14402 0.119625 0.13497 
0.156971 0.173254 0.20067 0.197282 0.163581 0.140332 0.144127 0.132346 0.125043 0.128299 0.126715 0.124971 0.125534 0.139018 0.127012 0.111723 0.130592 0.125187 0.117355 0.122569 
0.183619 0.190126 0.179094 0.145735 0.13505 0.139642 0.123386 0.11891 0.134971 0.123463 0.123529 0.126664 0.1223 0.114757 0.129022 0.125653 0.126705 0.12778 0.126036 0.119998 
0.172086 0.158012 0.142018 0.122843 0.121346 0.115532 0.119276 0.115242 0.117712 0.120583 0.116363 0.122696 0.116314 0.116367 0.114842 0.119057 0.122065 0.120731 0.122988 0.125346 
0.1552 0.161026 0.1532 0.13787 0.121003 0.122047 0.123675 0.115824 0.117263 0.11747 0.110894 0.109032 0.112282 0.118179 0.113546 0.109101 0.116343 0.110529 0.112803 0.108684 
0.165663 0.161867 0.165738 0.150296 0.142051 0.134821 0.13006 0.114537 0.111354 0.115826 0.0970532 0.106189 0.100753 0.101377 0.107811 0.105453 0.0977372 0.0947461 0.0970473 0.103912 
0.17108 0.167138 0.159896 0.167444 0.161589 0.154409 0.143966 0.145962 0.140257 0.135395 0.132328 0.117808 0.109128 0.116344 0.114001 0.0984963 0.103781 0.103339 0.0922959 0.0971684 
0.178694 0.191393 0.200089 0.192554 0.216042 0.205682 0.19429 0.174042 0.180175 0.178207 0.162218 0.163362 0.156313 0.138979 0.155904 0.146245 0.140599 0.145871 0.132693 0.134264 
0.222883 0.169761 0.192886 0.262108 0.270487 0.261583 0.308883 0.301172 0.280498 0.256903 0.235858 0.194488 0.171548 0.237609 0.19283 0.180352 0.183204 0.180425 0.173322 0.166825 

0.150435 0.180053 0.185919 0.201996 0.264129 0.303673 0.310434 0.302105 0.263208 0.236293 0.222272 0.21935 0.20622 0.195578 0.180906 0.167349 0.174911 0.181692 0.179697 0.157073 
0.179276 0.172468 0.196985 0.193973 0.180741 0.189283 0.193533 0.191238 0.184867 0.164826 0.150467 0.17587 0.157313 0.151708 0.141851 0.138777 0.133781 0.150925 0.145015 0.132282 
0.159875 0.16841 0.159127 0.166086 0.16885 0.160708 0.143647 0.148987 0.151153 0.13852 0.126834 0.126803 0.117703 0.101484 0.103989 0.110688 0.107555 0.106701 0.0967265 0.0915952 
0.165094 0.174113 0.158849 0.158345 0.147486 0.141058 0.121116 0.109746 0.11495 0.11059 0.0986911 0.10601 0.0981529 0.104102 0.103545 0.100128 0.094827 0.102148 0.102312 0.0976944 
0.163194 0.164794 0.160025 0.14347 0.131365 0.123038 0.117418 0.115878 0.121412 0.114588 0.117135 0.115326 0.114891 0.1183 0.116173 0.111802 0.111144 0.108135 0.110638 0.116563 
0.169373 0.166953 0.141817 0.129915 0.114932 0.121331 0.126526 0.119184 0.113911 0.118813 0.119519 0.122454 0.121014 0.125296 0.114681 0.119441 0.1194 0.121815 0.119925 0.12637 
0.190298 0.186661 0.188006 0.144029 0.135665 0.129476 0.126681 0.126315 0.119796 0.12957 0.125267 0.124162 0.127289 0.127528 0.129511 0.115114 0.123624 0.116125 0.125114 0.134475 
0.166898 0.198888 0.204742 0.199062 0.183239 0.1436 0.126894 0.12632 0.123361 0.122041 0.124657 0.130089 0.117993 0.12129 0.135587 0.124224 0.127184 0.137527 0.127255 0.133904 
0.15968 0.161789 0.200205 0.203993 0.209538 0.242976 0.195184 0.178301 0.148593 0.146175 0.141991 0.136666 0.147375 0.121256 0.128058 0.149809 0.131408 0.138716 0.124822 0.126258 
0.215023 0.147478 0.14959 0.178701 0.218999 0.217418 0.227982 0.229986 0.20613 0.155196 0.161112 0.176656 0.146468 0.149605 0.136224 0.141114 0.136963 0.158258 0.145609 0.14763 

0.205977 0.160615 0.186549 0.176731 0.184668 0.194082 0.214455 0.207816 0.222835 0.218981 0.202075 0.189999 0.171441 0.165661 0.161967 0.145332 0.141576 0.136272 0.126024 0.134806 
0.153834 0.153938 0.158255 0.16543 0.167364 0.179755 0.175911 0.173171 0.168128 0.148164 0.147239 0.148991 0.149929 0.138529 0.136305 0.12801 0.11887 0.115964 0.115813 0.111916 
0.135232 0.147724 0.143291 0.155661 0.14814 0.146718 0.144249 0.134458 0.12807 0.125055 0.11659 0.112738 0.101599 0.0985603 0.0886499 0.0881209 0.0895215 0.0899137 0.0866504 0.0870305 
0.123186 0.138182 0.145273 0.144849 0.142964 0.132089 0.122443 0.118367 0.107378 0.0973179 0.0940552 0.0863582 0.0890739 0.0833895 0.0834624 0.0807536 0.0823641 0.0840989 0.0829774 0.0849301 
0.112541 0.138662 0.147 0.147738 0.144383 0.139126 0.111863 0.106772 0.100679 0.0972038 0.0980229 0.0922993 0.0972595 0.0938512 0.0956034 0.0889465 0.0943783 0.0900254 0.0885892 0.0873926 
0.111426 0.135312 0.147603 0.146933 0.145779 0.134679 0.118494 0.1052 0.10115 0.0930862 0.095211 0.0949151 0.0915573 0.093346 0.0940174 0.0941685 0.0886189 0.0907283 0.0892647 0.0925189 
0.115737 0.138851 0.1473 0.147213 0.144674 0.135111 0.125038 0.112637 0.104262 0.0957188 0.0916238 0.0897219 0.0864934 0.0867586 0.0802692 0.0798166 0.0831023 0.0828145 0.0861298 0.0800028 
0.135739 0.145317 0.146983 0.148817 0.14776 0.153628 0.142627 0.136052 0.130033 0.12174 0.117662 0.107258 0.102428 0.101802 0.0954234 0.0881104 0.090892 0.090205 0.0843309 0.0874295 
0.149749 0.154235 0.176497 0.171023 0.172207 0.183991 0.175599 0.171288 0.168522 0.159045 0.163263 0.146413 0.145022 0.134145 0.12965 0.123201 0.119854 0.106946 0.111039 0.103171 
0.227385 0.178168 0.167342 0.182987 0.166794 0.197769 0.217338 0.205535 0.206501 0.203041 0.167941 0.174976 0.171665 0.153154 0.154158 0.159401 0.147819 0.127824 0.135307 0.133476 

0.213478 0.2307 0.213808 0.228204 0.20837 0.199706 0.169449 0.182107 0.143035 0.169538 0.141704 0.172851 0.141167 0.148869 0.137845 0.131929 0.123692 0.128714 0.125697 0.126482 
0.170282 0.169227 0.166478 0.137233 0.14078 0.148257 0.144739 0.154877 0.142327 0.13983 0.137024 0.128509 0.12574 0.12592 0.118935 0.11768 0.109585 0.121 0.10356 0.112241 
0.135523 0.127109 0.126208 0.121951 0.115976 0.120879 0.111077 0.104374 0.101218 0.0998973 0.0882502 0.0888111 0.087288 0.0882722 0.0902116 0.0847864 0.0909886 0.086406 0.0878231 0.0859076 
0.118322 0.105475 0.104484 0.0904177 0.0969108 0.0878584 0.0844301 0.0898768 0.0891077 0.0821702 0.0798811 0.0841863 0.0818181 0.0801588 0.0839561 0.0823857 0.0813418 0.0823428 0.0879243 0.0818374 
0.109755 0.0956255 0.0999648 0.097548 0.098435 0.0956024 0.0933529 0.0950343 0.0977303 0.0930845 0.0944579 0.0953073 0.0888934 0.0898014 0.0943659 0.0911721 0.0911902 0.0863934 0.0846153 0.0898657 
0.101438 0.101942 0.094938 0.0942262 0.0913634 0.0986961 0.0938218 0.0907152 0.0940516 0.0912458 0.0965225 0.0917748 0.0961316 0.0900703 0.088446 0.0874323 0.09343 0.0894308 0.0895171 0.0925823 
0.110325 0.101847 0.0994728 0.0942954 0.089851 0.0910927 0.0889467 0.0866398 0.0853811 0.0870381 0.0846605 0.0788854 0.0750348 0.0823131 0.0834408 0.0822553 0.0827161 0.0826595 0.0853702 0.0803001 
0.138722 0.131503 0.123347 0.117861 0.118285 0.119632 0.103088 0.0990487 0.106668 0.100537 0.101386 0.0962281 0.0857342 0.0910577 0.0900662 0.0824702 0.0885993 0.0843427 0.0843147 0.0897802 
0.174438 0.16813 0.152925 0.165042 0.162049 0.152534 0.154863 0.137018 0.139946 0.131634 0.132703 0.124915 0.12567 0.118066 0.112716 0.107025 0.102075 0.11294 0.100796 0.10555 
0.202684 0.223627 0.23987 0.193197 0.163497 0.157639 0.185699 0.174315 0.171958 0.141982 0.149351 0.149016 0.159053 0.147369 0.151311 0.133604 0.1323 0.134881 0.119878 0.134672 

0.205977 0.160615 0.186549 0.176731 0.184668 0.194082 0.173396 0.15271 0.161319 0.160703 0.145174 0.154986 0.134895 0.153773 0.146482 0.132174 0.112514 0.115972 0.100662 0.122485 
0.153834 0.153938 0.158255 0.16543 0.167364 0.110033 0.115515 0.137552 0.136424 0.139223 0.124122 0.125527 0.123812 0.118227 0.109815 0.110879 0.104614 0.112724 0.106882 0.0995437 
0.135232 0.147724 0.143291 0.155661 0.160466 0.116819 0.109949 0.110505 0.110976 0.103407 0.0999706 0.0857101 0.0911379 0.0842632 0.0866203 0.0767221 0.0787641 0.076064 0.0785089 0.0741795 
0.123186 0.138182 0.145273 0.258758 0.111106 0.103689 0.101079 0.108882 0.0955883 0.0890453 0.0887752 0.0789524 0.0828183 0.0770876 0.0763654 0.0767214 0.0712269 0.0720753 0.0734889 0.072771 
0.112541 0.138662 0.147 0.115264 0.10592 0.10207 0.10138 0.113314 0.102447 0.0973409 0.0915041 0.0867456 0.0888847 0.0828031 0.0858267 0.0792768 0.0790178 0.0791097 0.0789575 0.0789722 
0.111426 0.135312 0.147603 0.120494 0.109287 0.0971542 0.100282 0.108205 0.103653 0.0907661 0.0891296 0.0886909 0.0828486 0.0846861 0.081082 0.0856898 0.0819508 0.0804365 0.080511 0.0807146 
0.115737 0.138851 0.1473 0.0333437 0.107003 0.0965689 0.100409 0.112758 0.0960069 0.0911691 0.0886565 0.0816752 0.0799696 0.0782997 0.0726847 0.0729691 0.0742943 0.0727106 0.0715514 0.069379 
0.135739 0.145317 0.146983 0.148817 0.427929 0.113224 0.113371 0.109189 0.109804 0.0988516 0.092565 0.0914586 0.0891387 0.0892157 0.0884558 0.0822433 0.0836438 0.078389 0.076092 0.0719462 
0.149749 0.154235 0.176497 0.171023 0.172207  0.152686 0.133165 0.123187 0.133367 0.129834 0.125239 0.128964 0.117285 0.110787 0.112926 0.103527 0.102515 0.091401 0.100486 0.100648 
0.227385 0.178168 0.167342 0.182987 0.166794 0.197769 0.187205 0.176642 0.1369 0.154572 0.137044 0.143951 0.13246 0.123292 0.123539 0.131369 0.114254 0.119586 0.119983 0.110049 

0.375917 0.33354 0.287271 0.295995 0.281604 0.29233 0.274639 0.248809 0.328888 0.281293 0.2585 0.252377 0.223755 0.208357 0.174031 0.181945 0.206966 0.192728 0.180535 0.179979 
0.270259 0.240956 0.273371 0.249641 0.286444 0.3133 0.267801 0.301482 0.283722 0.277103 0.261211 0.221007 0.231967 0.213871 0.204409 0.188337 0.194361 0.184546 0.193894 0.166472 
0.291867 0.280772 0.289216 0.309232 0.27097 0.279642 0.258731 0.278408 0.277409 0.258497 0.207886 0.208394 0.211014 0.198773 0.196296 0.196056 0.184851 0.170423 0.166928 0.16719 
0.276348 0.304631 0.307902 0.310723 0.283869 0.263237 0.263846 0.269811 0.257181 0.230671 0.232248 0.201374 0.190948 0.19408 0.182785 0.163697 0.169994 0.182602 0.166566 0.15243 
0.30463 0.335961 0.317648 0.314802 0.256768 0.238749 0.264344 0.236843 0.219224 0.211845 0.187845 0.20066 0.178919 0.185731 0.171593 0.167059 0.171417 0.160845 0.167466 0.160309 
0.359698 0.343383 0.332605 0.313049 0.242405 0.211164 0.23977 0.230916 0.233439 0.221046 0.207279 0.189836 0.165066 0.167668 0.157528 0.145004 0.142719 0.15035 0.142692 0.136316 
0.354543 0.349193 0.356943 0.353901 0.311608 0.262673 0.225839 0.21759 0.200328 0.203453 0.196095 0.172234 0.178016 0.156112 0.132852 0.151046 0.145847 0.124644 0.135172 0.122216 
0.385965 0.409353 0.398435 0.366767 0.367767 0.352366 0.259126 0.23166 0.221716 0.204434 0.207774 0.204029 0.179797 0.183315 0.167177 0.16837 0.168178 0.15369 0.149857 0.129004 
0.388592 0.390486 0.425457 0.450195 0.433121 0.391819 0.412045 0.345361 0.301077 0.263779 0.232615 0.220429 0.238231 0.196239 0.213221 0.188885 0.188193 0.205965 0.179438 0.194521 
0.462813 0.393547 0.533113 0.442838 0.466422 0.546667 0.506369 0.523433 0.469335 0.414823 0.363851 0.344384 0.265852 0.28837 0.25659 0.213191 0.255153 0.214617 0.221736 0.183829 

0.375917 0.33354 0.287271 0.295995 0.281604 0.29233 0.274639 0.248809 0.328888 0.281293 0.2585 0.252377 0.223755 0.208357 0.174031 0.181945 0.206966 0.192728 0.180535 0.179979 
0.270259 0.240956 0.273371 0.249641 0.286444 0.3133 0.267801 0.301482 0.283722 0.277103 0.261211 0.221007 0.231967 0.213871 0.204409 0.188337 0.194361 0.184546 0.193894 0.166472 
0.291867 0.280772 0.289216 0.309232 0.27097 0.279642 0.258731 0.278408 0.277409 0.258497 0.207886 0.208394 0.211014 0.198773 0.196296 0.196056 0.184851 0.170423 0.166928 0.16719 
0.276348 0.304631 0.307902 0.310723 0.283869 0.263237 0.263846 0.269811 0.257181 0.230671 0.232248 0.201374 0.190948 0.19408 0.182785 0.163697 0.169994 0.182602 0.166566 0.15243 
0.30463 0.335961 0.317648 0.314802 0.256768 0.238749 0.264344 0.236843 0.219224 0.211845 0.187845 0.20066 0.178919 0.185731 0.171593 0.167059 0.171417 0.160845 0.167466 0.160309 
0.359698 0.343383 0.332605 0.313049 0.242405 0.211164 0.23977 0.230916 0.233439 0.221046 0.207279 0.189836 0.165066 0.167668 0.157528 0.145004 0.142719 0.15035 0.142692 0.136316 
0.354543 0.349193 0.356943 0.353901 0.311608 0.262673 0.225839 0.21759 0.200328 0.203453 0.196095 0.172234 0.178016 0.156112 0.132852 0.151046 0.145847 0.124644 0.135172 0.122216 
0.385965 0.409353 0.398435 0.366767 0.367767 0.352366 0.259126 0.23166 0.221716 0.204434 0.207774 0.204029 0.179797 0.183315 0.167177 0.16837 0.168178 0.15369 0.149857 0.129004 
0.388592 0.390486 0.425457 0.450195 0.433121 0.391819 0.412045 0.345361 0.301077 0.263779 0.232615 0.220429 0.238231 0.196239 0.213221 0.188885 0.188193 0.205965 0.179438 0.194521 
0.462813 0.393547 0.533113 0.442838 0.466422 0.546667 0.506369 0.523433 0.469335 0.414823 0.363851 0.344384 0.265852 0.28837 0.25659 0.213191 0.255153 0.214617 0.221736 0.183829 

0.342601 0.37067 0.303744 0.315811 0.48916 0.340326 0.289567 0.346793 0.362411 0.324941 0.257538 0.239204 0.223677 0.261207 0.266845 0.268277 0.239125 0.274332 0.175148 0.214329 
0.297523 0.338861 0.302017 0.358552 0.326332 0.309944 0.354608 0.314698 0.347727 0.303973 0.375992 0.313243 0.315793 0.29608 0.251574 0.2223 0.258123 0.265492 0.298355 0.265053 
0.361143 0.315673 0.288941 0.34115 0.339232 0.348043 0.326116 0.356365 0.327697 0.316769 0.291744 0.291961 0.281508 0.282393 0.260971 0.247753 0.224063 0.221333 0.221346 0.233979 
0.316858 0.302532 0.296811 0.324669 0.345823 0.340312 0.325977 0.342015 0.336364 0.306367 0.306221 0.279352 0.257848 0.204727 0.242458 0.195613 0.227109 0.19825 0.209849 0.215976 
0.308381 0.298782 0.303828 0.307067 0.295945 0.330063 0.301144 0.318637 0.289742 0.274412 0.271243 0.238854 0.233973 0.209926 0.22528 0.202433 0.21718 0.193823 0.205422 0.191961 
0.322214 0.280773 0.261333 0.26639 0.292676 0.26946 0.253655 0.276382 0.251409 0.250058 0.25187 0.251651 0.255128 0.216207 0.202812 0.195344 0.204192 0.193368 0.185987 0.171053 
0.35697 0.329629 0.29778 0.258277 0.26106 0.274062 0.262286 0.252589 0.271888 0.258833 0.249866 0.246525 0.226772 0.227544 0.229569 0.17267 0.185564 0.167733 0.211394 0.155573 
0.410351 0.396735 0.393301 0.317828 0.28881 0.303256 0.308185 0.27495 0.237586 0.229992 0.237103 0.233766 0.219216 0.227194 0.240724 0.226224 0.224011 0.201158 0.201883 0.176592 
0.474458 0.419091 0.45362 0.411299 0.400778 0.38385 0.308139 0.386493 0.264772 0.308466 0.309824 0.269833 0.27063 0.225155 0.234125 0.237806 0.212663 0.223341 0.251398 0.238575 
0.599703 0.513586 0.562619 0.515264 0.467964 0.52664 0.575852 0.456303 0.469305 0.392244 0.331332 0.379991 0.328288 0.270671 0.308085 0.282177 0.221684 0.214809 0.322877 0.23761 

0.5097 0.492672 0.483734 0.534325 0.510854 0.496165 0.448283 0.443154 0.41242 0.353162 0.38365 0.266346 0.251439 0.246346 0.313312 0.290135 0.247259 0.213448 0.186855 0.252186 
0.424519 0.410031 0.401573 0.451123 0.446405 0.393241 0.342787 0.317379 0.295933 0.336805 0.294371 0.275273 0.27684 0.250572 0.243912 0.23013 0.216713 0.231068 0.246136 0.266819 
0.401302 0.380869 0.366068 0.389379 0.267259 0.258718 0.236098 0.230477 0.259304 0.251844 0.253799 0.243207 0.24144 0.243338 0.225275 0.21257 0.19553 0.248745 0.187427 0.16458 
0.339913 0.334848 0.300651 0.243842 0.282862 0.232012 0.253957 0.263667 0.244161 0.261812 0.247002 0.239775 0.228947 0.238895 0.234493 0.162187 0.177443 0.154721 0.169885 0.157083 
0.29972 0.271767 0.279651 0.28741 0.280377 0.28399 0.272467 0.294333 0.271855 0.265773 0.211641 0.211066 0.219229 0.232629 0.184737 0.218939 0.198093 0.170613 0.188955 0.173785 
0.323146 0.310856 0.283125 0.319688 0.296548 0.313351 0.290738 0.304793 0.284173 0.274832 0.237918 0.227183 0.245105 0.208873 0.227427 0.204441 0.20432 0.206435 0.203624 0.182131 
0.344749 0.313708 0.300919 0.306351 0.330195 0.353537 0.326824 0.294293 0.304503 0.330644 0.262946 0.303464 0.248659 0.227968 0.251549 0.223925 0.214829 0.226723 0.195488 0.207423 
0.340597 0.344144 0.356997 0.317652 0.345741 0.323405 0.33971 0.338796 0.359264 0.311899 0.289734 0.249325 0.255666 0.273887 0.261793 0.264629 0.254388 0.247493 0.262728 0.227643 
0.343002 0.35881 0.343924 0.354694 0.352545 0.396834 0.314233 0.383038 0.374314 0.366815 0.347437 0.344166 0.343169 0.260761 0.278039 0.313825 0.276468 0.238221 0.288404 0.283349 
0.459373 0.46947 0.294407 0.267499 0.389254 0.333298 0.265068 0.388335 0.448762 0.312643 0.405526 0.252068 0.288206 0.289507 0.230731 0.222881 0.264775 0.24838 0.193552 0.204635 

0.298838 0.320057 0.339918 0.367771 0.361042 0.336771 0.405658 0.34109 0.311421 0.289399 0.26431 0.2229 0.199308 0.204496 0.170726 0.192696 0.174411 0.18311 0.148628 0.159324 
0.339901 0.308371 0.391025 0.348684 0.349628 0.362241 0.316894 0.265527 0.231428 0.194656 0.211075 0.191365 0.166222 0.202768 0.192135 0.161827 0.162119 0.165978 0.180815 0.165027 
0.308946 0.342291 0.325833 0.338765 0.311672 0.290007 0.200777 0.214129 0.186453 0.189654 0.182395 0.180691 0.185702 0.177739 0.14743 0.142124 0.141657 0.124238 0.122531 0.112366 
0.282454 0.304201 0.315013 0.296245 0.248293 0.198493 0.209372 0.199587 0.198524 0.195162 0.207627 0.152243 0.13607 0.124383 0.121797 0.118617 0.112535 0.120606 0.110673 0.109607 
0.288173 0.303443 0.304707 0.276343 0.212417 0.201446 0.222325 0.2095 0.185895 0.186109 0.169758 0.175846 0.135998 0.145075 0.128987 0.117434 0.129003 0.127984 0.125376 0.126143 
0.315575 0.302075 0.315738 0.272789 0.20729 0.198651 0.21313 0.23367 0.20868 0.186419 0.189056 0.134723 0.150468 0.141367 0.139615 0.131188 0.121522 0.126751 0.113488 0.1142 
0.320284 0.304413 0.297949 0.304056 0.240146 0.215469 0.205088 0.196756 0.19561 0.183339 0.179056 0.157228 0.162548 0.141023 0.122358 0.121754 0.127509 0.110961 0.119649 0.107921 
0.318875 0.335885 0.336082 0.333657 0.315264 0.281527 0.214726 0.197601 0.192132 0.185676 0.196282 0.180806 0.164126 0.167364 0.148248 0.137149 0.148007 0.13518 0.130049 0.114948 
0.325689 0.344496 0.363448 0.372767 0.365439 0.315195 0.331663 0.283103 0.234949 0.200024 0.206139 0.191254 0.213503 0.18464 0.193015 0.17201 0.176658 0.176424 0.164993 0.175845 
0.366366 0.337287 0.373656 0.351894 0.333684 0.406113 0.358551 0.373324 0.276468 0.267172 0.250844 0.235842 0.202987 0.237353 0.203108 0.196598 0.200561 0.196172 0.188865 0.149144 

0.374357 0.294486 0.313413 0.289256 0.258351 0.25866 0.213518 0.208644 0.20741 0.219179 0.174473 0.16691 0.18172 0.19129 0.16653 0.168187 0.154861 0.158601 0.156941 0.163492 
0.222353 0.228122 0.205361 0.186925 0.221775 0.20526 0.181307 0.174791 0.17671 0.188515 0.185975 0.197828 0.158434 0.14697 0.155667 0.162757 0.167369 0.188644 0.166196 0.156639 
0.21397 0.182678 0.188095 0.192023 0.180825 0.177921 0.189958 0.184693 0.187815 0.159927 0.150406 0.130556 0.135788 0.136247 0.144386 0.114487 0.133474 0.115103 0.134422 0.105439 
0.205564 0.19532 0.179264 0.195371 0.198244 0.190111 0.156039 0.133601 0.134422 0.125471 0.116183 0.128255 0.118821 0.113118 0.117106 0.112565 0.123916 0.106974 0.107759 0.110357 
0.210049 0.183015 0.183371 0.181451 0.172022 0.172466 0.167326 0.152959 0.137181 0.136907 0.134793 0.128355 0.122771 0.120832 0.126157 0.125737 0.129439 0.124716 0.123074 0.124571 
0.234646 0.199256 0.203924 0.185224 0.170061 0.166235 0.14028 0.139778 0.148502 0.137759 0.132048 0.143888 0.126451 0.134911 0.113942 0.127637 0.123563 0.112299 0.118233 0.108493 
0.205542 0.20581 0.178102 0.173439 0.168496 0.190725 0.156549 0.135509 0.168784 0.138311 0.133113 0.116764 0.129417 0.115044 0.133368 0.112286 0.104648 0.120444 0.109812 0.110121 
0.186158 0.18328 0.19183 0.1756 0.18111 0.199952 0.174831 0.173184 0.158648 0.15929 0.166693 0.128817 0.134668 0.157286 0.137542 0.137214 0.1209 0.129716 0.113879 0.112406 
0.295327 0.217686 0.230549 0.172145 0.213238 0.178078 0.187871 0.210852 0.197416 0.179588 0.170646 0.190055 0.184976 0.162777 0.175611 0.180869 0.162797 0.161821 0.164798 0.177613 
0.379791 0.325792 0.30779 0.2677 0.253982 0.216914 0.221787 0.226585 0.200238 0.243238 0.206022 0.211265 0.197748 0.199067 0.17622 0.159134 0.207365 0.191471 0.152816 0.142124 

0.298838 0.320057 0.339918 0.367771 0.361042 0.336771 0.513612 0.241254 0.227568 0.230251 0.238871 0.196477 0.217339 0.189342 0.19129 0.186355 0.188118 0.192563 0.158455 0.16727 
0.339901 0.308371 0.391025 0.348684 0.349628 0.3008435 0.252059 0.249517 0.228306 0.221101 0.223095 0.209616 0.206273 0.198298 0.208087 0.179667 0.178066 0.192581 0.180847 0.172898 
0.308946 0.342291 0.325833 0.338765 0.192595 0.239181 0.212302 0.238843 0.206671 0.214073 0.190814 0.182564 0.191154 0.204995 0.186193 0.172953 0.177088 0.170161 0.153566 0.127929 
0.282454 0.304201 0.315013 0.200062 0.228847 0.211356 0.214007 0.209426 0.197925 0.20375 0.207679 0.194488 0.192902 0.168544 0.190078 0.160385 0.153914 0.12493 0.141024 0.128009 
0.288173 0.303443 0.304707 0.258476 0.205852 0.218025 0.215664 0.208315 0.208425 0.211742 0.19998 0.206685 0.192975 0.192966 0.169856 0.161284 0.157791 0.14977 0.145689 0.129351 
0.315575 0.302075 0.315738 0.216784 0.222851 0.216582 0.22007 0.213833 0.212264 0.206395 0.217467 0.211337 0.203678 0.179453 0.178814 0.171694 0.142069 0.138014 0.132432 0.120553 
0.320284 0.304413 0.297949 0.268448 0.238947 0.228555 0.216866 0.210806 0.200902 0.2088 0.205704 0.208538 0.207915 0.192045 0.171805 0.165974 0.178336 0.14661 0.136248 0.119932 
0.318875 0.335885 0.336082 0.258759 0.3105 0.2283 0.223244 0.234745 0.211213 0.215035 0.204345 0.203425 0.188439 0.170594 0.172792 0.16881 0.192234 0.167505 0.163257 0.137723 
0.325689 0.344496 0.363448 0.372767 0.566843 0.273737 0.267287 0.269238 0.228148 0.219304 0.220078 0.216379 0.199073 0.199533 0.195433 0.181177 0.182019 0.181406 0.176029 0.183119 
0.366366 0.337287 0.373656 0.351894 0.333684 0.406113 0.344382 0.241416 0.222523 0.211409 0.225325 0.209752 0.209605 0.188993 0.209968 0.203807 0.198233 0.169626 0.166613 0.148039 
