1.13603 -0.0260521 0.00016878 
-0.276669 0.0152547 -0.000135203 
0.511549 -0.00814204 4.60216e-05 
0.905499 -0.0193517 0.000121774 
1.36503 -0.0323632 0.000220092 
0.239137 0.000844717 -2.4437e-05 
0.221381 5.73637e-05 -1.201e-05 
0.561187 -0.00943076 4.80003e-05 
0.0859794 0.00383589 -4.81102e-05 
0.502207 -0.00643085 3.24904e-05 
0.722112 -0.0139448 7.78875e-05 
0.761329 -0.0159095 9.74011e-05 
0.367731 -0.00381142 9.62111e-06 
1.29743 -0.0307378 0.000213485 
-0.131822 0.0112559 -9.7814e-05 
0.692036 -0.0144846 8.81379e-05 
0.525993 -0.00937146 6.85333e-05 
0.520669 -0.00827286 4.41006e-05 
-0.310518 0.0160175 -0.000139978 
0.800016 -0.0172075 0.00011838 
1.33507 -0.0347785 0.000248508 
-0.0839667 0.012034 -0.000116127 
0.44445 -0.00725612 3.72577e-05 
0.270973 -0.00233487 3.24742e-05 
1.05579 -0.0251771 0.000170173 
-0.11729 0.0117427 -0.000106714 
-0.768229 0.0304886 -0.000245938 
-0.147098 0.0107999 -9.91719e-05 
1.81641 -0.0479145 0.000357346 
0.825386 -0.0189247 0.000125927 
1.13724 -0.0269211 0.000179005 
0.625466 -0.0104794 4.98395e-05 
1.12763 -0.028137 0.000204591 
0.660765 -0.0122742 7.4942e-05 
0.0816103 0.00447251 -4.85484e-05 
2.58784 -0.0692848 0.000521432 
0.533366 -0.00957079 5.8477e-05 
0.02741 0.00634248 -6.70384e-05 
-0.43781 0.0195028 -0.000159925 
-0.0298979 0.010291 -9.52393e-05 
-0.386352 0.0204627 -0.000162124 
0.0982452 0.00311829 -3.80075e-05 
0.720141 -0.00977442 6.90539e-05 
0.426678 -0.00493496 1.94952e-05 
0.0168348 0.00609939 -6.31732e-05 
2.81427 -0.0743158 0.000544129 
1.01629 -0.0216004 0.000131079 
1.10439 -0.0241817 0.000158049 
0.714658 -0.0160036 0.000105044 
0.361708 -0.00552375 2.78733e-05 
0.194537 0.00091814 -2.88524e-05 
0.462723 -0.0084421 4.99332e-05 
0.592204 -0.0114304 6.64853e-05 
0.178553 0.000158253 -1.56076e-05 
-0.117456 0.00959019 -8.7747e-05 
0.688333 -0.0147161 9.33309e-05 
0.247415 -0.00169981 -1.23858e-06 
0.219414 -0.000734791 -1.05091e-05 
-0.0509025 0.00637192 -5.55738e-05 
0.665722 -0.0147104 9.74951e-05 
0.129832 0.00218087 -3.40433e-05 
0.293373 -0.00286678 6.12863e-06 
-0.055055 0.00758616 -7.21759e-05 
0.35065 -0.00546797 3.01641e-05 
0.820167 -0.019168 0.000129932 
-0.394957 0.0189674 -0.000165133 
0.494041 -0.00924478 5.52868e-05 
0.570929 -0.0121384 8.12154e-05 
0.169697 0.00113828 -2.5552e-05 
0.752705 -0.0168099 0.000110734 
0.264127 -0.00234052 4.84328e-06 
-0.182953 0.0111249 -9.64239e-05 
0.209925 -0.00131591 7.92239e-08 
0.228002 -0.000845075 -1.05175e-05 
0.028242 0.00453629 -4.37689e-05 
0.935764 -0.0231412 0.000161309 
0.199882 4.1306e-05 -1.61277e-05 
-0.030641 0.00684217 -6.63149e-05 
0.559322 -0.0110737 6.71264e-05 
-0.188881 0.0105857 -8.71017e-05 
0.471002 -0.00864414 5.21062e-05 
0.152306 0.00120039 -2.3612e-05 
0.0238172 0.00506512 -5.25287e-05 
0.191284 0.00041531 -2.21022e-05 
-0.238449 0.0127877 -0.00010955 
-0.00254823 0.00601626 -6.0575e-05 
0.643867 -0.012909 7.68533e-05 
-0.45076 0.0189382 -0.000153163 
0.367891 -0.004693 1.4526e-05 
-0.279871 0.0133845 -0.000109635 
0.0589748 0.00409393 -4.59753e-05 
-0.0267967 0.00634154 -6.06653e-05 
0.58171 -0.0118364 7.32413e-05 
0.332719 -0.00424057 1.58244e-05 
0.243107 -0.000705085 -1.50751e-05 
0.156809 -1.09509e-05 -9.54981e-06 
