-0.339333 -0.310461 -0.234863 -0.187984 -0.13004 -0.0524214 -0.0338703 -0.0244686 0.032004 -0.0203972 0.0477893 -0.062636 0.0241678 -0.00934043 0.00493606 -0.0445715 -0.0206034 0.0663655 -0.00495808 -0.0265382 
-0.281583 -0.208618 -0.165985 -0.108783 -0.0498552 0.00301691 0.0417917 0.035909 0.0452916 -0.0130752 0.0165376 0.00339733 0.0208997 0.00154329 9.42612e-05 0.00766737 -0.0137474 -0.0258657 0.0216276 0.0176237 
-0.163858 -0.101762 -0.0660938 -0.042394 -0.00259097 0.0211159 0.035474 -0.00236678 0.0096223 -0.00606213 -0.00176985 -0.00769525 -0.00306718 0.00575058 -0.0196095 0.00897892 -0.00425201 -4.29302e-05 -0.0251043 0.011265 
-0.0965131 -0.0719115 -0.0114705 -6.00091e-05 0.0298908 0.0224352 0.00704631 0.0116361 0.0131066 0.00466822 0.00546966 0.00751862 -0.00531037 0.00125826 -0.002434 -0.0221019 0.00796887 0.00206986 0.0022421 -0.00845449 
-0.0645207 -0.0394915 -0.0119959 0.00644707 0.0179425 0.00540667 0.0144718 -0.00388732 0.0020635 -0.00280991 -0.00273205 -0.00247807 0.00913032 -0.0118941 -0.00331788 -0.00885276 0.00465806 -0.00376985 0.00130973 -0.00307531 
-0.0500034 -0.0432566 -0.0129483 0.0172483 0.00643321 0.0147885 0.00255874 0.00704505 0.0116613 -0.00426841 -0.00428959 -0.00169012 -0.00262114 -0.00526599 -0.0117306 0.000157863 -0.00117473 -0.0129993 0.00339769 -0.00374477 
-0.0357939 -0.0412978 -0.00758841 0.00678644 0.0161202 0.00666589 -0.00519034 -0.00189125 0.0118468 0.00796151 0.00543412 0.00788311 -0.000314227 -0.00360135 0.00484744 -0.00676753 -0.00452865 -0.00278244 -0.000628228 -0.00598179 
-0.0388998 -0.0402442 -0.0127899 0.00197086 0.0268358 0.0394065 0.0207304 0.0122546 -0.00532322 0.00366701 -0.010081 0.0129615 0.00707417 -0.00632447 -0.00416808 -0.00814521 0.00986454 0.00189263 -0.00447535 0.00945076 
-0.0520533 -0.0541566 -0.0445749 0.0213042 0.0619478 0.113185 0.116594 0.0385813 0.0552472 0.0184934 0.0112993 0.000112971 0.00499975 -0.00247176 0.0010746 -0.0109198 0.00139081 -0.00799689 0.00688909 -0.0133478 
-0.138561 -0.0160719 -0.0340266 0.0441936 0.0747472 0.206988 0.207008 0.209334 0.125222 0.0671411 0.0268722 0.0450741 0.0137744 -0.0148554 0.0067395 -0.0176187 0.00105286 -0.0246883 -0.00528678 -0.0203182 

-0.134895 -0.0619571 -0.0353038 0.024819 0.0947218 0.125735 0.186964 0.153029 0.154403 0.04881 0.078434 -0.030931 0.0121234 0.0164265 -0.00553897 -0.0334947 -0.0163515 -0.011589 -0.0224054 -0.0253836 
-0.0474223 -0.0368733 -0.0202368 0.0167379 0.0509661 0.114852 0.1348 0.084553 0.0242038 0.00424227 0.0111192 0.000591904 -0.00329889 0.0178634 -0.0135824 -0.00430378 0.00260466 -0.0139376 -0.00699936 0.00453235 
-0.0536604 -0.0382711 -0.003271 0.0145044 0.0269759 0.0533525 0.0189913 0.00836544 0.0120846 0.000768984 -0.00259232 -0.00133408 -0.0129913 -0.00246839 0.00406481 -0.0133651 0.0039547 -0.00218889 0.00194721 -0.010231 
-0.0451872 -0.0275517 -0.00846463 0.00419906 0.0258946 0.0103951 0.00756917 0.0130747 0.00491332 0.00347649 0.00486144 0.00399834 0.0016157 0.00108899 -0.00458654 -8.55439e-05 -0.00679257 -0.00250146 -0.00305896 -0.0220107 
-0.0507588 -0.0284072 -0.0166967 0.00947528 0.0247184 -0.00198855 0.0177752 -0.00988265 -0.00326353 0.0117992 -0.00263163 -0.00127037 -0.00220618 -0.000757204 -0.0136078 -0.00716089 -0.00354811 -0.00756505 0.00518326 -0.0142479 
-0.0606631 -0.054998 -0.00709522 0.026843 0.0112964 0.0162268 -0.00117863 0.0108781 0.00288817 0.00770978 -0.00069337 0.0010386 0.000660693 -0.00454498 -0.010358 -0.00665793 -0.0104472 -0.00203137 0.001488 0.00939998 
-0.102637 -0.0881256 -0.0279898 0.0180476 0.0241497 0.0170888 0.0148633 0.00737003 0.0247653 0.00334028 0.00206294 0.0110369 -0.00633578 0.00903856 -0.00113751 -0.0108828 0.00545588 0.00173343 -0.0106877 0.00280928 
-0.179002 -0.109624 -0.0757327 -0.0597942 0.00635389 0.00808108 0.0171792 0.0166549 0.0142939 0.00368487 -0.0238739 0.0215786 -0.0103056 -0.0106076 -0.0129165 -0.0108306 0.0177646 -0.0176621 0.00248581 -0.0201057 
-0.261374 -0.203127 -0.147188 -0.0818981 -0.0294177 0.021489 0.0238593 0.00599773 0.0333768 0.00271254 0.006423 0.0148796 0.0194451 0.000125901 -0.011859 -0.0381994 -0.00344347 0.00765746 0.0099951 0.0228525 
-0.1      -0.122354 -0.19533 -0.133067 -0.109185 -0.0622866 0.0173751 0.0612463 0.033184 -0.0292081 -0.0648736 0.0192347 0.0343826 0.0142764 0.0411106 -0.0296746 0.0359613 -0.0309355 0.0161045 -0.0232456 

-0.271401 -0.213834 -0.108748 0.0073795 -0.00706856 0.0256607 -0.00118941 0.0594877 0.0828194 -0.0442257 0.0497484 0.108624 -0.0141185 0.00147135 -0.0488964 -0.0109751 0.0137367 0.0663613 -0.0176392 -1.74771 
-0.138988 -0.0845672 -0.0521134 0.0117406 0.0533935 0.082723 0.0664445 -0.00280425 0.043269 0.00977365 0.0260023 0.0244519 0.0107316 0.0206818 -0.014874 0.00682767 0.00842041 0.00149554 -0.00345218 -0.0237087 
-0.027086 -0.00412916 0.0631907 0.0535237 0.0568665 0.0444619 0.0453472 0.011996 0.0133564 0.000364991 0.00573934 -0.00588794 0.0134854 0.00665447 -0.00016795 0.00611381 0.00617349 -0.0313013 -0.00347968 -0.0321977 
0.0557767 0.0318704 0.0403429 0.0196918 0.028605 0.014028 0.00959658 0.0168239 0.0182679 0.0136537 0.0110476 -0.00509998 0.00343013 -0.00783166 -0.000156095 -0.0149316 0.00156626 0.00789941 -0.00934073 -0.0140383 
0.0395551 0.0283975 0.0230192 0.0212039 0.0186941 0.0120215 -0.00574946 0.0159424 0.00867451 0.0048079 -0.00862282 0.0124788 0.00660542 -0.00908045 0.00548235 -0.0101801 0.00451778 -0.0104698 -0.0106244 0.0154208 
0.0337432 0.0257253 0.0208618 0.00436803 0.023334 0.00327495 0.0147388 0.0174611 0.00437957 0.0111898 0.00182467 -0.0073438 0.0118574 -0.00185126 -0.000541342 -0.0213218 -0.0161062 0.00288578 -0.00970466 0.00107336 
0.0336577 0.0351648 0.0349245 0.0223812 0.0128867 0.0133765 -0.0146137 0.0205278 0.0125798 0.0151685 -0.00411222 -0.00228009 0.00067759 0.00734847 0.00399137 0.00178472 -0.0053771 -0.00381956 -0.00860432 -0.017615 
0.0367132 0.0284184 0.0594242 0.0533591 0.0155373 0.0264143 0.0145378 0.0201549 0.0118877 0.00935057 0.0108447 -0.0032607 0.000632809 -0.000182395 0.016351 0.003339 0.0190297 0.00920267 -0.00335527 -0.000565236 
0.0291678 0.0259644 0.0636912 0.120295 0.143307 0.146027 0.0833427 0.0495738 0.0416922 0.0439706 0.00939722 0.0071391 0.028436 0.00602056 0.0226766 0.00872719 0.0206937 0.0184705 0.0176265 -0.033166 
-0.0705968 0.0441784 0.0628514 0.113748 0.148204 0.287111 0.208891 0.117371 0.181671 0.0137047 0.0204806 0.0573845 0.00945721 0.0311754 0.0357138 0.0262616 0.0159346 -0.00553017 0.0263839 -0.0184295 

-0.0661902 -0.0089276 0.0292895 0.109634 0.13577 0.237357 0.558362 0.254652 0.146811 0.0828611 0.0563814 0.0436275 0.0192611 0.0196289 0.014075 0.0391593 0.0250619 -0.00555268 -0.00471328 0.0571133 
0.00545237 0.0308531 0.0351188 0.092669 0.155683 0.127827 0.0617266 0.0458907 0.038974 0.0384582 0.0286383 -0.0087068 0.00760221 0.000831879 0.011265 -0.0125629 0.0115499 0.00301943 0.00875213 -0.0068581 
0.0297926 0.0374891 0.0438961 0.0403556 0.0441337 0.0337687 0.023094 -0.00464502 0.0275572 -0.00648588 0.0108103 0.0136673 0.00674525 -0.0163617 -0.00575539 0.0151333 0.0123114 -0.00684356 -0.00103916 -0.00976946 
0.0345646 0.0374505 0.0256298 0.00574955 0.0137015 0.00689568 0.010021 -0.00443551 -0.00675823 0.00800027 0.00259006 -0.00481976 0.00417348 -0.00864624 0.000507332 -0.00556995 -0.011408 -0.00749933 -0.011565 -0.00551589 
0.0259104 0.0308936 0.0166307 0.0167822 0.0172486 0.0162748 0.0130919 -0.00188786 0.0100851 0.0119525 0.00429284 -0.000308423 0.00391602 0.00340342 -0.000564925 -0.00101594 -0.0101166 -0.00222504 -0.00966239 -0.0165947 
0.0324258 0.0274341 0.0181174 0.0218518 0.0219546 0.0133329 4.00784e-05 0.00348169 -0.00847653 -0.0035848 0.0108849 0.00238072 -0.00396633 -0.0204558 0.00566338 -0.0180539 -0.00474204 0.013213 -0.0173387 -0.0102754 
0.0368592 0.0600298 0.0358448 0.0378653 0.0347843 0.0286355 0.0093574 0.0133812 0.0158475 0.00867916 -0.0148222 0.00748163 -0.00649269 -0.00221184 0.00179017 0.00102656 0.00994287 -0.0121115 -0.00201086 -0.00323156 
-0.035898 0.0180243 0.0564355 0.0579141 0.0264883 0.0588075 0.0222071 0.0303229 0.00999299 0.0368772 -0.000942315 0.000592456 0.0195157 -0.0182556 0.0176946 0.00715823 0.0190361 -0.00866715 -0.0234762 0.00662153 
-0.188298 -0.0780585 -0.00543854 0.0312337 0.0867661 0.0658877 0.0501563 0.0188904 0.0107976 0.0561154 0.0227875 0.000219439 -0.00997602 -0.00324818 0.0023969 0.00594469 -0.0337916 0.000822576 -0.00158001 -0.00546731 
-0.240195 -0.17351 -0.119858 -0.112226 0.00095418 0.00564532 0.0755018 0.0771125 0.0334358 0.00708362 0.080028 0.0469675 -0.0137247 0.174544 -0.0117836 -0.0410591 -0.00153996 0.0274081 -0.0192023 -0.0785758 

-0.207776 -0.228665 -0.109003 0.00323523 0.130342 0.0406968 0.227879 0.112634 0.126064 0.0360058 0.0219021 0.0257 -0.00187588 0.0227472 0.0126069 -0.01922 -0.0264202 0.048584 -0.0963951 0.102695 
-0.223429 -0.101716 0.0379534 0.0900786 0.193693 0.14257 0.0704169 0.0457213 0.0341211 -0.00781669 0.0943683 -0.00867734 -0.0122365 0.0650803 0.0178828 -0.0170958 -0.0100855 -0.00749737 -0.00966276 -0.0136682 
-0.0732041 0.0356637 0.0764659 0.196563 0.192587 0.127736 0.0841019 0.0172207 0.0117774 -0.0131443 -0.0076764 -0.0237219 -0.023615 0.00263112 0.00965825 0.00690669 -0.0107676 -0.0551222 0.00391783 -0.0367899 
0.0462153 0.115561 0.199096 0.20654 0.166558 0.0877921 0.0410006 0.0028632 0.0278911 0.000273081 -0.0128602 -0.0336354 0.0124127 -0.0162654 -0.0186747 -0.0265624 -0.0343812 -0.00606127 0.00872875 -0.0131002 
0.0922974 0.16717 0.236913 0.207927 0.058948 0.0460779 0.011013 0.00424355 0.0352889 0.00518374 0.00510789 0.0228548 -0.000836778 -0.0116095 -0.0214055 -0.003832 -0.0082578 -0.0106014 -0.00948085 -0.0188452 
0.121399 0.175987 0.207165 0.225459 0.118809 0.0413788 0.00992631 0.0182352 0.0297987 0.0111147 0.0150881 -0.00539252 0.0107359 -0.0168127 -0.0263153 -0.00571391 0.0063386 -0.0202242 -0.0139104 -0.0333942 
0.181728 0.226535 0.275669 0.282762 0.245736 0.0493124 0.0727645 0.016253 -0.00251667 0.0116211 0.00169175 -0.00723221 0.0190782 -0.00492371 -0.020784 -0.00996728 -0.000924144 0.011337 -0.0127439 -0.0161013 
0.178391 0.285371 0.282975 0.291871 0.298549 0.294861 0.19858 0.0330954 0.0204808 -0.00249518 0.00461012 0.0116195 0.0398533 -0.00629496 0.0196334 0.00100906 0.0241507 0.00760869 0.00820589 -0.00524481 
0.295578 0.234204 0.430112 0.343341 0.317226 0.431953 0.33076 0.240622 0.240874 0.092234 0.0834163 0.0288189 0.00511431 0.016584 0.0269554 -0.0304904 0.013146 0.0110291 0.000441885 0.0291766 
0.249465 0.292432 0.376751 0.339199 0.421906 0.468214 0.395827 0.267623 0.288645 0.0932147 0.094597 0.11041 0.0921866 0.0334691 0.0359994 0.120332 0.00653678 -0.0075062 -0.0098204 -0.00365805 

-0.207776 -0.228665 -0.109003 0.00323523 0.130342 0.0406968 0.227879 0.112634 0.126064 0.0360058 0.0219021 0.0257 -0.00187588 0.0227472 0.0126069 -0.01922 -0.0264202 0.048584 -0.0963951 0.102695 
-0.223429 -0.101716 0.0379534 0.0900786 0.193693 0.14257 0.0704169 0.0457213 0.0341211 -0.00781669 0.0943683 -0.00867734 -0.0122365 0.0650803 0.0178828 -0.0170958 -0.0100855 -0.00749737 -0.00966276 -0.0136682 
-0.0732041 0.0356637 0.0764659 0.196563 0.192587 0.127736 0.0841019 0.0172207 0.0117774 -0.0131443 -0.0076764 -0.0237219 -0.023615 0.00263112 0.00965825 0.00690669 -0.0107676 -0.0551222 0.00391783 -0.0367899 
0.0462153 0.115561 0.199096 0.20654 0.166558 0.0877921 0.0410006 0.0028632 0.0278911 0.000273081 -0.0128602 -0.0336354 0.0124127 -0.0162654 -0.0186747 -0.0265624 -0.0343812 -0.00606127 0.00872875 -0.0131002 
0.0922974 0.16717 0.236913 0.207927 0.058948 0.0460779 0.011013 0.00424355 0.0352889 0.00518374 0.00510789 0.0228548 -0.000836778 -0.0116095 -0.0214055 -0.003832 -0.0082578 -0.0106014 -0.00948085 -0.0188452 
0.121399 0.175987 0.207165 0.225459 0.118809 0.0413788 0.00992631 0.0182352 0.0297987 0.0111147 0.0150881 -0.00539252 0.0107359 -0.0168127 -0.0263153 -0.00571391 0.0063386 -0.0202242 -0.0139104 -0.0333942 
0.181728 0.226535 0.275669 0.282762 0.245736 0.0493124 0.0727645 0.016253 -0.00251667 0.0116211 0.00169175 -0.00723221 0.0190782 -0.00492371 -0.020784 -0.00996728 -0.000924144 0.011337 -0.0127439 -0.0161013 
0.178391 0.285371 0.282975 0.291871 0.298549 0.294861 0.19858 0.0330954 0.0204808 -0.00249518 0.00461012 0.0116195 0.0398533 -0.00629496 0.0196334 0.00100906 0.0241507 0.00760869 0.00820589 -0.00524481 
0.295578 0.234204 0.430112 0.343341 0.317226 0.431953 0.33076 0.240622 0.240874 0.092234 0.0834163 0.0288189 0.00511431 0.016584 0.0269554 -0.0304904 0.013146 0.0110291 0.000441885 0.0291766 
0.249465 0.292432 0.376751 0.339199 0.421906 0.468214 0.395827 0.267623 0.288645 0.0932147 0.094597 0.11041 0.0921866 0.0334691 0.0359994 0.120332 0.00653678 -0.0075062 -0.0098204 -0.00365805 

-0.274793 -0.10802 -0.0392935 -0.0156572 0.0974128 0.00963446 0.233974 0.0399281 -0.0316088 -0.249683 0.0357388 -0.00695488 0.121881 -0.0284324 -0.359076 -0.0136674 -0.0601015 -0.161763 0.121637 0.0778648 
-0.132045 0.00177513 0.0273032 0.146529 0.11763 0.118609 0.0608893 0.0064932 0.00717914 0.197978 0.157748 0.048889 0.00708863 -0.0115091 0.114791 0.0304263 0.00181393 0.0482978 0.0235109 0.0380444 
0.16018 0.165058 0.186364 0.156921 0.0726638 0.0465948 0.0784014 0.0686922 0.0867376 0.0360418 0.0384908 0.0104887 0.0959203 0.0194195 0.0500027 -0.0249464 0.0747402 0.0126908 0.0152544 -0.0867857 
0.135542 0.156623 0.0851687 0.0562602 0.0512716 0.0284146 0.0547016 0.0410957 0.0652204 0.0409363 0.00623872 0.0214508 -0.0154093 0.0357413 -0.0444645 -0.0100838 0.029407 0.00624438 -0.0349302 0.0111477 
0.201656 0.0721422 0.0476855 0.0770415 0.0209202 0.0390258 0.0295073 0.0604145 0.0143214 0.00833665 0.0379271 0.0136165 0.0269774 0.0258314 0.00846793 0.00253542 0.0221711 -0.00607084 -0.0177086 0.00102361 
0.265013 0.12425 0.0802665 0.0764382 0.0486246 0.0447779 0.0276564 0.0274905 0.0351808 0.0324655 0.00346027 0.0318325 0.00854191 0.00106677 -0.00336512 -0.0258091 0.0233466 -0.00417863 -0.0315859 -0.00915335 
0.249416 0.245771 0.177439 0.104739 0.0628792 0.0255825 0.0322326 0.00929499 0.060115 0.0648298 0.00580019 0.0241214 -0.00727341 -0.00628162 0.00729708 0.0116475 0.0148367 -0.0141662 -0.0108969 -0.0186134 
0.317377 0.328605 0.295683 0.139797 0.166764 0.145291 0.0402231 0.0857476 0.0690491 -0.00785599 0.0160977 0.0497014 0.0565196 0.0585539 -0.00329894 0.0203714 0.037895 -0.0145922 0.0274603 0.00849649 
0.310742 0.299584 0.330711 0.316397 0.418579 0.288309 0.258849 0.234631 0.149793 0.115515 0.0414779 0.09075 0.0154603 0.0159923 -1.14468 0.0930688 0.0210272 0.0242317 0.0244237 0.075069 
0.315754 0.548642 0.382191 0.43049 0.384445 0.429322 0.281226 0.255863 0.183979 0.198035 0.11916 0.0644365 0.0731416 0.0262932 0.103687 0.043501 0.14433 -0.00960887 -0.729945 -0.00943177 

0.275676 0.359115 0.420114 0.414167 0.363711 0.323241 0.55598 0.252981 0.193839 0.152911 0.153669 0.027125 -0.113524 0.0602774 0.0456633 0.0275976 -0.0142222 -0.711222 0.0355231 0.0852386 
0.318105 0.426539 0.329464 0.455077 0.330767 0.251624 0.163114 0.157782 0.0528312 0.145479 0.163329 0.0322373 0.0525207 0.022317 0.132814 0.071362 0.0334049 0.0484089 0.0427937 0.00990193 
0.351279 0.264492 0.246277 0.228641 0.107572 0.0853065 0.139357 0.0662838 0.104069 0.0474103 0.0378085 0.0603231 0.0367644 0.0219239 0.0465848 -0.0260144 0.0475628 -0.00271324 0.0303384 0.023423 
0.262304 0.236544 0.0487804 0.0802867 0.0430823 0.0218056 0.0428818 0.0495513 0.0508174 0.0416303 0.00974372 0.0266617 -0.0209289 0.00128205 -0.0194802 -0.0100906 0.0554641 0.0121991 -0.0280267 -0.0199975 
0.212202 0.0811282 0.0773381 0.0568285 0.0188779 0.0389413 0.0410114 0.0533714 0.00606656 0.00889305 0.0348705 0.00215443 0.0130206 -0.00392926 -0.00249505 0.0262138 0.00571444 -0.028237 -0.00708663 -0.00467468 
0.195428 0.12374 0.0657145 0.0425023 0.062102 0.0197895 0.0338409 0.0383761 0.0281312 0.0250574 0.0477579 0.0119102 0.0132539 0.00698442 0.0157427 -0.0226494 0.0203074 -0.0186242 -0.0313431 -0.0248132 
0.180227 0.191542 0.104395 0.0718822 0.0442107 0.0171132 0.0254362 0.0283733 0.0701833 0.0961848 0.0365581 0.00342108 0.0107993 0.0114911 0.0149026 0.0196258 -0.00252997 0.0135612 -0.0203285 -0.00173358 
0.244027 0.264796 0.172191 0.048903 0.0469725 0.0341339 0.107427 0.0773122 0.0128667 0.0383692 0.0752869 0.0559631 0.0110544 0.0671123 0.0158937 -0.0231232 -0.000572204 0.0130939 0.00134703 -0.0557882 
-0.0884468 -0.159608 0.110546 0.157343 0.239629 0.0235431 0.0983082 0.109406 0.142533 0.0206188 0.0676838 0.0689673 0.0669985 0.0444311 -0.00464187 0.074257 0.0101747 -0.0598331 0.119656 0.00718178 
-0.176536 -0.0642371 0.087102 -0.0141826 0.208936 0.00728308 0.0159499 -0.0068953 0.266355 0.070915 0.0373338 -0.0952696 0.0141588 -0.0122011 -0.0441008 -0.0649473 0.133503 0.0439145 -0.0239209 0.0282542 
