7.89559e-02 1.64354e-03 1.06487e-05 -5.73312e-08  0.0  -2.03925e+00 -4.89150e-02 -3.81186e-04 1.38406e-06  0.0
8.42257e-02 -1.28604e-03 1.00759e-05 -6.33938e-10  0.0  -2.15942e+00 3.66804e-02 -3.70604e-04 5.45566e-07  0.0
8.05754e-02 1.63513e-03 8.08261e-06 -4.72956e-08  0.0  -1.86030e+00 -4.34973e-02 -3.24879e-04 9.91924e-07  0.0
8.10462e-02 -1.65230e-03 8.17400e-06 3.43175e-08  0.0  -1.89415e+00 4.46565e-02 -3.20067e-04 -6.67530e-07  0.0
-1.50322e-01 2.01289e-02 -1.81613e-04  0.0  0.0  -1.34162e+01 1.95097e-01 -1.53244e-03  0.0  0.0

2.52110e-01 8.88302e-04 -3.03340e-06 1.41675e-08   0.0  -7.70373e+00 -2.39968e-02 6.79311e-05 -9.73351e-07   0.0
8.42257e-02 -1.28604e-03 1.00759e-05 -6.33938e-10  0.0  -2.15942e+00 3.66804e-02 -3.70604e-04 5.45566e-07    0.0  
2.85812e-01 1.07510e-03 -1.24442e-06 -7.67656e-09  0.0  -8.36972e+00 -2.50659e-02 -2.70989e-05 -3.37035e-07  0.0
2.88114e-01 -1.23477e-03 -4.97439e-06 -3.46673e-09 0.0  -8.46174e+00 3.08414e-02 1.00381e-04 6.06869e-07     0.0
-7.56895e-01 4.83618e-02 -4.12703e-04  0.0  0.0  -4.78385e+00 -2.71811e-01 2.37798e-03  0.0  0.0
